Totale travel distance: 204726
Games umpired door umpire1
	13,14	8,10	2,7	6,11	1,14	3,4	11,5	14,10	4,6	2,8	12,5	7,13	10,11	5,6	1,13	9,14	6,2	3,8	7,5	2,13	11,6	8,5	4,2	10,12	5,1	3,2	

Games umpired door umpire2
	5,7	11,12	10,1	3,7	9,12	8,6	7,2	12,3	1,9	10,13	11,7	4,14	6,9	3,12	5,8	7,6	12,11	9,2	13,4	11,1	8,12	2,9	10,5	14,7	6,3	1,10	

Games umpired door umpire3
	12,6	7,4	13,3	14,9	4,5	11,2	9,8	6,1	10,3	5,9	8,13	12,2	1,5	4,7	11,14	2,10	3,5	14,1	10,2	8,3	4,9	1,6	13,7	9,11	14,8	5,4	

Games umpired door umpire4
	1,2	13,6	5,11	8,1	2,3	9,13	12,14	4,11	13,12	6,7	10,14	8,11	7,3	14,2	9,6	4,3	13,1	10,7	6,8	5,12	7,1	3,14	12,8	2,6	11,4	8,7	

Games umpired door umpire5
	4,8	5,2	12,9	10,4	7,11	1,7	13,10	8,2	14,5	3,11	2,1	6,10	4,12	11,13	3,10	12,1	7,14	13,11	9,3	10,6	2,14	4,13	1,11	5,3	13,9	6,12	

Games umpired door umpire6
	11,3	9,1	14,6	12,13	10,8	5,14	6,4	7,9	2,11	4,1	3,6	9,5	13,2	1,8	7,12	5,13	8,9	12,4	14,11	9,7	3,13	11,10	6,14	1,4	7,10	14,13	

Games umpired door umpire7
	9,10	14,3	8,4	2,5	6,13	12,10	1,3	13,5	7,8	14,12	9,4	3,1	8,14	10,9	2,4	11,8	4,10	6,5	1,12	14,4	5,10	12,7	3,9	13,8	2,12	11,9	

Solution Status from LocalSolver: Infeasible

Solution [travelDistance=204726, homeVisitViolations=0, consecutiveHomeVisitViolations=2, consecutiveTeamSeenViolations=4]
-1--2--3--4--5--6--7-
 [13, 14]  [5, 7]  [12, 6]  [1, 2]  [4, 8]  [11, 3]  [9, 10] 
 [8, 10]  [11, 12]  [7, 4]  [13, 6]  [5, 2]  [9, 1]  [14, 3] 
 [2, 7]  [10, 1]  [13, 3]  [5, 11]  [12, 9]  [14, 6]  [8, 4] 
 [6, 11]  [3, 7]  [14, 9]  [8, 1]  [10, 4]  [12, 13]  [2, 5] 
 [1, 14]  [9, 12]  [4, 5]  [2, 3]  [7, 11]  [10, 8]  [6, 13] 
 [3, 4]  [8, 6]  [11, 2]  [9, 13]  [1, 7]  [5, 14]  [12, 10] 
 [11, 5]  [7, 2]  [9, 8]  [12, 14]  [13, 10]  [6, 4]  [1, 3] 
 [14, 10]  [12, 3]  [6, 1]  [4, 11]  [8, 2]  [7, 9]  [13, 5] 
 [4, 6]  [1, 9]  [10, 3]  [13, 12]  [14, 5]  [2, 11]  [7, 8] 
 [2, 8]  [10, 13]  [5, 9]  [6, 7]  [3, 11]  [4, 1]  [14, 12] 
 [12, 5]  [11, 7]  [8, 13]  [10, 14]  [2, 1]  [3, 6]  [9, 4] 
 [7, 13]  [4, 14]  [12, 2]  [8, 11]  [6, 10]  [9, 5]  [3, 1] 
 [10, 11]  [6, 9]  [1, 5]  [7, 3]  [4, 12]  [13, 2]  [8, 14] 
 [5, 6]  [3, 12]  [4, 7]  [14, 2]  [11, 13]  [1, 8]  [10, 9] 
 [1, 13]  [5, 8]  [11, 14]  [9, 6]  [3, 10]  [7, 12]  [2, 4] 
 [9, 14]  [7, 6]  [2, 10]  [4, 3]  [12, 1]  [5, 13]  [11, 8] 
 [6, 2]  [12, 11]  [3, 5]  [13, 1]  [7, 14]  [8, 9]  [4, 10] 
 [3, 8]  [9, 2]  [14, 1]  [10, 7]  [13, 11]  [12, 4]  [6, 5] 
 [7, 5]  [13, 4]  [10, 2]  [6, 8]  [9, 3]  [14, 11]  [1, 12] 
 [2, 13]  [11, 1]  [8, 3]  [5, 12]  [10, 6]  [9, 7]  [14, 4] 
 [11, 6]  [8, 12]  [4, 9]  [7, 1]  [2, 14]  [3, 13]  [5, 10] 
 [8, 5]  [2, 9]  [1, 6]  [3, 14]  [4, 13]  [11, 10]  [12, 7] 
 [4, 2]  [10, 5]  [13, 7]  [12, 8]  [1, 11]  [6, 14]  [3, 9] 
 [10, 12]  [14, 7]  [9, 11]  [2, 6]  [5, 3]  [1, 4]  [13, 8] 
 [5, 1]  [6, 3]  [14, 8]  [11, 4]  [13, 9]  [7, 10]  [2, 12] 
 [3, 2]  [1, 10]  [5, 4]  [8, 7]  [6, 12]  [14, 13]  [11, 9] 
--------------
