Totale travel distance: 200450
Games umpired door umpire1
	11,3	5,2	10,1	3,7	9,12	8,6	7,2	14,10	4,6	2,8	12,5	3,1	10,11	5,6	7,12	4,3	8,9	6,5	13,4	9,7	2,14	1,6	12,8	5,3	7,10	11,9	

Games umpired door umpire2
	9,10	7,4	14,6	8,1	4,5	11,2	13,10	12,3	1,9	6,7	8,13	9,5	4,12	11,13	5,8	12,1	7,14	3,8	1,12	2,13	11,6	8,5	13,7	10,12	5,1	3,2	

Games umpired door umpire3
	1,2	14,3	8,4	6,11	2,3	9,13	12,14	4,11	10,3	5,9	11,7	6,10	1,5	14,2	3,10	7,6	13,1	9,2	6,8	11,1	4,9	3,14	10,5	1,4	14,8	6,12	

Games umpired door umpire4
	13,14	9,1	5,11	12,13	10,8	1,7	6,4	13,5	2,11	14,12	9,4	7,13	8,14	3,12	1,13	2,10	12,11	14,1	10,2	5,12	7,1	4,13	3,9	2,6	11,4	8,7	

Games umpired door umpire5
	12,6	8,10	2,7	14,9	6,13	3,4	11,5	7,9	13,12	4,1	10,14	12,2	6,9	1,8	2,4	9,14	4,10	13,11	7,5	10,6	3,13	2,9	1,11	14,7	13,9	5,4	

Games umpired door umpire6
	5,7	11,12	13,3	2,5	1,14	12,10	9,8	6,1	7,8	10,13	3,6	8,11	13,2	4,7	9,6	11,8	3,5	10,7	14,11	8,3	5,10	12,7	4,2	9,11	6,3	14,13	

Games umpired door umpire7
	4,8	13,6	12,9	10,4	7,11	5,14	1,3	8,2	14,5	3,11	2,1	4,14	7,3	10,9	11,14	5,13	6,2	12,4	9,3	14,4	8,12	11,10	6,14	13,8	2,12	1,10	

Solution Status from LocalSolver: Infeasible

Solution [travelDistance=200450, homeVisitViolations=0, consecutiveHomeVisitViolations=2, consecutiveTeamSeenViolations=3]
-1--2--3--4--5--6--7-
 [11, 3]  [9, 10]  [1, 2]  [13, 14]  [12, 6]  [5, 7]  [4, 8] 
 [5, 2]  [7, 4]  [14, 3]  [9, 1]  [8, 10]  [11, 12]  [13, 6] 
 [10, 1]  [14, 6]  [8, 4]  [5, 11]  [2, 7]  [13, 3]  [12, 9] 
 [3, 7]  [8, 1]  [6, 11]  [12, 13]  [14, 9]  [2, 5]  [10, 4] 
 [9, 12]  [4, 5]  [2, 3]  [10, 8]  [6, 13]  [1, 14]  [7, 11] 
 [8, 6]  [11, 2]  [9, 13]  [1, 7]  [3, 4]  [12, 10]  [5, 14] 
 [7, 2]  [13, 10]  [12, 14]  [6, 4]  [11, 5]  [9, 8]  [1, 3] 
 [14, 10]  [12, 3]  [4, 11]  [13, 5]  [7, 9]  [6, 1]  [8, 2] 
 [4, 6]  [1, 9]  [10, 3]  [2, 11]  [13, 12]  [7, 8]  [14, 5] 
 [2, 8]  [6, 7]  [5, 9]  [14, 12]  [4, 1]  [10, 13]  [3, 11] 
 [12, 5]  [8, 13]  [11, 7]  [9, 4]  [10, 14]  [3, 6]  [2, 1] 
 [3, 1]  [9, 5]  [6, 10]  [7, 13]  [12, 2]  [8, 11]  [4, 14] 
 [10, 11]  [4, 12]  [1, 5]  [8, 14]  [6, 9]  [13, 2]  [7, 3] 
 [5, 6]  [11, 13]  [14, 2]  [3, 12]  [1, 8]  [4, 7]  [10, 9] 
 [7, 12]  [5, 8]  [3, 10]  [1, 13]  [2, 4]  [9, 6]  [11, 14] 
 [4, 3]  [12, 1]  [7, 6]  [2, 10]  [9, 14]  [11, 8]  [5, 13] 
 [8, 9]  [7, 14]  [13, 1]  [12, 11]  [4, 10]  [3, 5]  [6, 2] 
 [6, 5]  [3, 8]  [9, 2]  [14, 1]  [13, 11]  [10, 7]  [12, 4] 
 [13, 4]  [1, 12]  [6, 8]  [10, 2]  [7, 5]  [14, 11]  [9, 3] 
 [9, 7]  [2, 13]  [11, 1]  [5, 12]  [10, 6]  [8, 3]  [14, 4] 
 [2, 14]  [11, 6]  [4, 9]  [7, 1]  [3, 13]  [5, 10]  [8, 12] 
 [1, 6]  [8, 5]  [3, 14]  [4, 13]  [2, 9]  [12, 7]  [11, 10] 
 [12, 8]  [13, 7]  [10, 5]  [3, 9]  [1, 11]  [4, 2]  [6, 14] 
 [5, 3]  [10, 12]  [1, 4]  [2, 6]  [14, 7]  [9, 11]  [13, 8] 
 [7, 10]  [5, 1]  [14, 8]  [11, 4]  [13, 9]  [6, 3]  [2, 12] 
 [11, 9]  [3, 2]  [6, 12]  [8, 7]  [5, 4]  [14, 13]  [1, 10] 
--------------
Violated Constrainsts
	Value: 0	Value: 0	Value: 0	Value: 0	Value: 0