Totale travel distance: 200677
Games umpired door umpire1
	1,2	14,3	5,11	8,1	9,12	11,2	13,10	6,1	7,8	10,13	3,6	12,2	1,5	4,7	9,6	2,10	13,1	3,8	14,11	10,6	4,9	12,7	6,14	9,11	5,1	8,7	

Games umpired door umpire2
	11,3	8,10	2,7	14,9	6,13	3,4	12,14	13,5	10,3	4,1	11,7	6,10	8,14	3,12	2,4	5,13	12,11	9,2	7,5	14,4	3,13	2,9	10,5	1,4	6,3	11,9	

Games umpired door umpire3
	5,7	13,6	12,9	10,4	2,3	9,13	6,4	8,2	1,9	3,11	12,5	4,14	10,11	5,6	7,12	9,14	6,2	10,7	13,4	11,1	8,12	3,14	1,11	2,6	7,10	14,13	

Games umpired door umpire4
	13,14	7,4	10,1	12,13	4,5	1,7	9,8	14,10	13,12	6,7	2,1	8,11	7,3	14,2	1,13	11,8	3,5	12,4	6,8	9,7	5,10	1,6	4,2	14,7	13,9	3,2	

Games umpired door umpire5
	12,6	9,1	13,3	2,5	7,11	8,6	11,5	12,3	4,6	5,9	10,14	7,13	6,9	1,8	11,14	4,3	8,9	14,1	10,2	5,12	7,1	11,10	3,9	13,8	2,12	1,10	

Games umpired door umpire6
	4,8	11,12	14,6	3,7	10,8	5,14	1,3	7,9	2,11	14,12	8,13	9,5	4,12	11,13	3,10	12,1	7,14	13,11	1,12	8,3	2,14	4,13	12,8	5,3	11,4	6,12	

Games umpired door umpire7
	9,10	5,2	8,4	6,11	1,14	12,10	7,2	4,11	14,5	2,8	9,4	3,1	13,2	10,9	5,8	7,6	4,10	6,5	9,3	2,13	11,6	8,5	13,7	10,12	14,8	5,4	

Solution Status from LocalSolver: Infeasible

Solution [travelDistance=200677, homeVisitViolations=0, consecutiveHomeVisitViolations=3, consecutiveTeamSeenViolations=2]
-1--2--3--4--5--6--7-
 [1, 2]  [11, 3]  [5, 7]  [13, 14]  [12, 6]  [4, 8]  [9, 10] 
 [14, 3]  [8, 10]  [13, 6]  [7, 4]  [9, 1]  [11, 12]  [5, 2] 
 [5, 11]  [2, 7]  [12, 9]  [10, 1]  [13, 3]  [14, 6]  [8, 4] 
 [8, 1]  [14, 9]  [10, 4]  [12, 13]  [2, 5]  [3, 7]  [6, 11] 
 [9, 12]  [6, 13]  [2, 3]  [4, 5]  [7, 11]  [10, 8]  [1, 14] 
 [11, 2]  [3, 4]  [9, 13]  [1, 7]  [8, 6]  [5, 14]  [12, 10] 
 [13, 10]  [12, 14]  [6, 4]  [9, 8]  [11, 5]  [1, 3]  [7, 2] 
 [6, 1]  [13, 5]  [8, 2]  [14, 10]  [12, 3]  [7, 9]  [4, 11] 
 [7, 8]  [10, 3]  [1, 9]  [13, 12]  [4, 6]  [2, 11]  [14, 5] 
 [10, 13]  [4, 1]  [3, 11]  [6, 7]  [5, 9]  [14, 12]  [2, 8] 
 [3, 6]  [11, 7]  [12, 5]  [2, 1]  [10, 14]  [8, 13]  [9, 4] 
 [12, 2]  [6, 10]  [4, 14]  [8, 11]  [7, 13]  [9, 5]  [3, 1] 
 [1, 5]  [8, 14]  [10, 11]  [7, 3]  [6, 9]  [4, 12]  [13, 2] 
 [4, 7]  [3, 12]  [5, 6]  [14, 2]  [1, 8]  [11, 13]  [10, 9] 
 [9, 6]  [2, 4]  [7, 12]  [1, 13]  [11, 14]  [3, 10]  [5, 8] 
 [2, 10]  [5, 13]  [9, 14]  [11, 8]  [4, 3]  [12, 1]  [7, 6] 
 [13, 1]  [12, 11]  [6, 2]  [3, 5]  [8, 9]  [7, 14]  [4, 10] 
 [3, 8]  [9, 2]  [10, 7]  [12, 4]  [14, 1]  [13, 11]  [6, 5] 
 [14, 11]  [7, 5]  [13, 4]  [6, 8]  [10, 2]  [1, 12]  [9, 3] 
 [10, 6]  [14, 4]  [11, 1]  [9, 7]  [5, 12]  [8, 3]  [2, 13] 
 [4, 9]  [3, 13]  [8, 12]  [5, 10]  [7, 1]  [2, 14]  [11, 6] 
 [12, 7]  [2, 9]  [3, 14]  [1, 6]  [11, 10]  [4, 13]  [8, 5] 
 [6, 14]  [10, 5]  [1, 11]  [4, 2]  [3, 9]  [12, 8]  [13, 7] 
 [9, 11]  [1, 4]  [2, 6]  [14, 7]  [13, 8]  [5, 3]  [10, 12] 
 [5, 1]  [6, 3]  [7, 10]  [13, 9]  [2, 12]  [11, 4]  [14, 8] 
 [8, 7]  [11, 9]  [14, 13]  [3, 2]  [1, 10]  [6, 12]  [5, 4] 
--------------
Violated Constrainsts
	Value: 0	Value: 0	Value: 0	Value: 0	Value: 0