Totale travel distance: 229224
Games umpired door umpire1
	12,5	11,7	10,3	15,8	13,2	14,13	16,4	9,1	7,2	6,3	10,4	11,10	8,5	13,14	15,16	3,4	2,5	1,4	6,11	12,14	5,9	7,13	8,15	3,6	2,9	1,12	10,16	4,10	11,14	5,13	

Games umpired door umpire2
	16,1	14,4	11,8	9,5	15,3	7,4	10,1	12,11	16,6	14,9	5,2	4,3	15,11	8,6	10,9	12,16	1,3	2,7	13,15	5,8	6,12	4,14	1,9	2,15	3,8	10,13	7,9	5,11	8,16	6,15	

Games umpired door umpire3
	13,4	15,1	16,2	10,6	11,4	8,3	9,7	14,6	12,13	8,2	16,11	15,14	13,10	7,5	2,1	5,6	10,11	14,16	8,12	3,15	4,11	6,10	7,11	9,14	12,15	5,16	2,6	1,14	3,10	4,12	

Games umpired door umpire4
	11,6	13,5	12,7	14,2	9,6	16,10	12,3	8,4	11,5	15,10	6,1	13,7	12,9	4,2	5,3	7,8	16,13	10,12	3,9	2,4	1,7	9,16	6,14	8,13	1,11	7,15	5,14	2,8	4,6	3,7	

Games umpired door umpire5
	9,8	16,3	13,6	11,3	12,1	15,9	14,5	10,2	9,3	16,12	15,12	5,1	7,6	11,9	13,12	14,15	6,7	8,11	2,16	9,13	10,15	3,11	4,16	5,4	7,14	2,11	1,13	3,16	9,12	8,10	

Games umpired door umpire6
	10,7	9,2	15,5	13,1	14,7	12,2	15,6	16,5	8,1	11,13	7,3	6,2	4,1	16,15	14,11	1,2	8,9	3,5	4,7	1,6	13,16	5,15	2,10	11,12	6,16	3,14	4,8	7,12	1,15	9,11	

Games umpired door umpire7
	14,3	12,6	9,4	16,7	10,5	11,1	13,8	15,7	14,10	4,5	13,9	12,8	16,14	3,1	6,4	9,10	14,12	15,13	1,5	7,10	8,14	2,12	3,13	1,10	5,10	4,9	11,15	6,13	5,7	2,14	

Games umpired door umpire8
	15,2	10,8	14,1	12,4	16,8	6,5	11,2	13,3	15,4	7,1	14,8	16,9	3,2	12,10	8,7	13,11	4,15	6,9	10,14	11,16	2,3	1,8	5,12	7,16	4,13	6,8	3,12	9,15	2,13	1,16	

Solution Status from LocalSolver: Infeasible

Solution [travelDistance=229224, homeVisitViolations=0, consecutiveHomeVisitViolations=46, consecutiveTeamSeenViolations=30]
-1--2--3--4--5--6--7--8-
 [12, 5]  [16, 1]  [13, 4]  [11, 6]  [9, 8]  [10, 7]  [14, 3]  [15, 2] 
 [11, 7]  [14, 4]  [15, 1]  [13, 5]  [16, 3]  [9, 2]  [12, 6]  [10, 8] 
 [10, 3]  [11, 8]  [16, 2]  [12, 7]  [13, 6]  [15, 5]  [9, 4]  [14, 1] 
 [15, 8]  [9, 5]  [10, 6]  [14, 2]  [11, 3]  [13, 1]  [16, 7]  [12, 4] 
 [13, 2]  [15, 3]  [11, 4]  [9, 6]  [12, 1]  [14, 7]  [10, 5]  [16, 8] 
 [14, 13]  [7, 4]  [8, 3]  [16, 10]  [15, 9]  [12, 2]  [11, 1]  [6, 5] 
 [16, 4]  [10, 1]  [9, 7]  [12, 3]  [14, 5]  [15, 6]  [13, 8]  [11, 2] 
 [9, 1]  [12, 11]  [14, 6]  [8, 4]  [10, 2]  [16, 5]  [15, 7]  [13, 3] 
 [7, 2]  [16, 6]  [12, 13]  [11, 5]  [9, 3]  [8, 1]  [14, 10]  [15, 4] 
 [6, 3]  [14, 9]  [8, 2]  [15, 10]  [16, 12]  [11, 13]  [4, 5]  [7, 1] 
 [10, 4]  [5, 2]  [16, 11]  [6, 1]  [15, 12]  [7, 3]  [13, 9]  [14, 8] 
 [11, 10]  [4, 3]  [15, 14]  [13, 7]  [5, 1]  [6, 2]  [12, 8]  [16, 9] 
 [8, 5]  [15, 11]  [13, 10]  [12, 9]  [7, 6]  [4, 1]  [16, 14]  [3, 2] 
 [13, 14]  [8, 6]  [7, 5]  [4, 2]  [11, 9]  [16, 15]  [3, 1]  [12, 10] 
 [15, 16]  [10, 9]  [2, 1]  [5, 3]  [13, 12]  [14, 11]  [6, 4]  [8, 7] 
 [3, 4]  [12, 16]  [5, 6]  [7, 8]  [14, 15]  [1, 2]  [9, 10]  [13, 11] 
 [2, 5]  [1, 3]  [10, 11]  [16, 13]  [6, 7]  [8, 9]  [14, 12]  [4, 15] 
 [1, 4]  [2, 7]  [14, 16]  [10, 12]  [8, 11]  [3, 5]  [15, 13]  [6, 9] 
 [6, 11]  [13, 15]  [8, 12]  [3, 9]  [2, 16]  [4, 7]  [1, 5]  [10, 14] 
 [12, 14]  [5, 8]  [3, 15]  [2, 4]  [9, 13]  [1, 6]  [7, 10]  [11, 16] 
 [5, 9]  [6, 12]  [4, 11]  [1, 7]  [10, 15]  [13, 16]  [8, 14]  [2, 3] 
 [7, 13]  [4, 14]  [6, 10]  [9, 16]  [3, 11]  [5, 15]  [2, 12]  [1, 8] 
 [8, 15]  [1, 9]  [7, 11]  [6, 14]  [4, 16]  [2, 10]  [3, 13]  [5, 12] 
 [3, 6]  [2, 15]  [9, 14]  [8, 13]  [5, 4]  [11, 12]  [1, 10]  [7, 16] 
 [2, 9]  [3, 8]  [12, 15]  [1, 11]  [7, 14]  [6, 16]  [5, 10]  [4, 13] 
 [1, 12]  [10, 13]  [5, 16]  [7, 15]  [2, 11]  [3, 14]  [4, 9]  [6, 8] 
 [10, 16]  [7, 9]  [2, 6]  [5, 14]  [1, 13]  [4, 8]  [11, 15]  [3, 12] 
 [4, 10]  [5, 11]  [1, 14]  [2, 8]  [3, 16]  [7, 12]  [6, 13]  [9, 15] 
 [11, 14]  [8, 16]  [3, 10]  [4, 6]  [9, 12]  [1, 15]  [5, 7]  [2, 13] 
 [5, 13]  [6, 15]  [4, 12]  [3, 7]  [8, 10]  [9, 11]  [2, 14]  [1, 16] 
----------------
