Totale travel distance: 200954
Games umpired door umpire1
	9,10	14,3	2,7	12,13	4,5	1,7	13,10	8,2	14,5	3,11	9,4	12,2	1,5	10,9	7,12	4,3	8,9	14,1	13,4	5,12	11,6	3,14	4,2	10,12	6,3	8,7	

Games umpired door umpire2
	13,14	5,2	12,9	10,4	6,13	11,2	1,3	14,10	7,8	5,9	2,1	6,10	8,14	4,7	1,13	9,14	6,2	3,8	7,5	10,6	2,14	4,13	12,8	5,3	11,4	6,12	

Games umpired door umpire3
	11,3	13,6	10,1	2,5	9,12	8,6	7,2	12,3	4,6	10,13	11,7	9,5	13,2	1,8	3,10	5,13	12,11	10,7	6,8	11,1	4,9	8,5	13,7	1,4	14,8	3,2	

Games umpired door umpire4
	12,6	8,10	13,3	6,11	1,14	3,4	11,5	7,9	10,3	2,8	12,5	4,14	6,9	3,12	11,14	7,6	13,1	12,4	10,2	9,7	8,12	11,10	3,9	2,6	5,1	14,13	

Games umpired door umpire5
	5,7	11,12	8,4	14,9	7,11	12,10	9,8	6,1	13,12	4,1	3,6	7,13	10,11	14,2	5,8	12,1	4,10	6,5	9,3	2,13	7,1	1,6	10,5	14,7	13,9	5,4	

Games umpired door umpire6
	1,2	7,4	5,11	8,1	2,3	9,13	12,14	4,11	1,9	6,7	10,14	8,11	7,3	5,6	2,4	11,8	3,5	9,2	14,11	8,3	5,10	2,9	1,11	13,8	7,10	11,9	

Games umpired door umpire7
	4,8	9,1	14,6	3,7	10,8	5,14	6,4	13,5	2,11	14,12	8,13	3,1	4,12	11,13	9,6	2,10	7,14	13,11	1,12	14,4	3,13	12,7	6,14	9,11	2,12	1,10	

Solution Status from LocalSolver: Infeasible

Solution [travelDistance=200954, homeVisitViolations=0, consecutiveHomeVisitViolations=2, consecutiveTeamSeenViolations=4]
-1--2--3--4--5--6--7-
 [9, 10]  [13, 14]  [11, 3]  [12, 6]  [5, 7]  [1, 2]  [4, 8] 
 [14, 3]  [5, 2]  [13, 6]  [8, 10]  [11, 12]  [7, 4]  [9, 1] 
 [2, 7]  [12, 9]  [10, 1]  [13, 3]  [8, 4]  [5, 11]  [14, 6] 
 [12, 13]  [10, 4]  [2, 5]  [6, 11]  [14, 9]  [8, 1]  [3, 7] 
 [4, 5]  [6, 13]  [9, 12]  [1, 14]  [7, 11]  [2, 3]  [10, 8] 
 [1, 7]  [11, 2]  [8, 6]  [3, 4]  [12, 10]  [9, 13]  [5, 14] 
 [13, 10]  [1, 3]  [7, 2]  [11, 5]  [9, 8]  [12, 14]  [6, 4] 
 [8, 2]  [14, 10]  [12, 3]  [7, 9]  [6, 1]  [4, 11]  [13, 5] 
 [14, 5]  [7, 8]  [4, 6]  [10, 3]  [13, 12]  [1, 9]  [2, 11] 
 [3, 11]  [5, 9]  [10, 13]  [2, 8]  [4, 1]  [6, 7]  [14, 12] 
 [9, 4]  [2, 1]  [11, 7]  [12, 5]  [3, 6]  [10, 14]  [8, 13] 
 [12, 2]  [6, 10]  [9, 5]  [4, 14]  [7, 13]  [8, 11]  [3, 1] 
 [1, 5]  [8, 14]  [13, 2]  [6, 9]  [10, 11]  [7, 3]  [4, 12] 
 [10, 9]  [4, 7]  [1, 8]  [3, 12]  [14, 2]  [5, 6]  [11, 13] 
 [7, 12]  [1, 13]  [3, 10]  [11, 14]  [5, 8]  [2, 4]  [9, 6] 
 [4, 3]  [9, 14]  [5, 13]  [7, 6]  [12, 1]  [11, 8]  [2, 10] 
 [8, 9]  [6, 2]  [12, 11]  [13, 1]  [4, 10]  [3, 5]  [7, 14] 
 [14, 1]  [3, 8]  [10, 7]  [12, 4]  [6, 5]  [9, 2]  [13, 11] 
 [13, 4]  [7, 5]  [6, 8]  [10, 2]  [9, 3]  [14, 11]  [1, 12] 
 [5, 12]  [10, 6]  [11, 1]  [9, 7]  [2, 13]  [8, 3]  [14, 4] 
 [11, 6]  [2, 14]  [4, 9]  [8, 12]  [7, 1]  [5, 10]  [3, 13] 
 [3, 14]  [4, 13]  [8, 5]  [11, 10]  [1, 6]  [2, 9]  [12, 7] 
 [4, 2]  [12, 8]  [13, 7]  [3, 9]  [10, 5]  [1, 11]  [6, 14] 
 [10, 12]  [5, 3]  [1, 4]  [2, 6]  [14, 7]  [13, 8]  [9, 11] 
 [6, 3]  [11, 4]  [14, 8]  [5, 1]  [13, 9]  [7, 10]  [2, 12] 
 [8, 7]  [6, 12]  [3, 2]  [14, 13]  [5, 4]  [11, 9]  [1, 10] 
--------------
