Totale travel distance: 249961
Games umpired door umpire1
	10,7	14,4	16,2	9,5	12,1	8,3	11,2	15,7	16,6	14,9	5,2	4,3	13,10	16,15	2,1	7,8	10,11	15,13	3,9	5,8	4,11	9,16	6,14	8,13	1,11	7,15	2,6	3,16	5,7	4,12	

Games umpired door umpire2
	9,8	15,1	10,3	16,7	13,2	11,1	14,5	8,4	12,13	15,10	7,3	6,2	16,14	11,9	13,12	5,6	1,3	8,11	2,16	7,10	6,12	1,8	3,13	2,15	7,14	5,16	3,12	4,10	11,14	1,16	

Games umpired door umpire3
	15,2	16,3	14,1	10,6	11,4	12,2	9,7	13,3	15,4	16,12	14,8	5,1	3,2	12,10	8,7	13,11	4,15	6,9	1,5	11,16	2,3	7,13	1,9	5,4	12,15	6,8	10,16	5,11	2,13	3,7	

Games umpired door umpire4
	11,6	13,5	12,7	15,8	9,6	14,13	16,4	10,2	11,5	7,1	13,9	12,8	15,11	4,2	14,11	12,16	8,9	1,4	10,14	3,15	13,16	2,12	4,16	9,14	5,10	1,12	11,15	6,13	3,10	2,14	

Games umpired door umpire5
	12,5	11,7	13,6	14,2	15,3	7,4	10,1	16,5	9,3	8,2	6,1	11,10	12,9	7,5	15,16	3,4	14,12	2,7	13,15	9,13	8,14	6,10	5,12	1,10	3,8	2,11	1,13	7,12	4,6	8,10	

Games umpired door umpire6
	14,3	12,6	15,5	13,1	16,8	6,5	12,3	9,1	14,10	11,13	15,12	13,7	8,5	3,1	6,4	9,10	2,5	10,12	4,7	1,6	5,9	3,11	8,15	7,16	2,9	10,13	4,8	1,14	9,12	6,15	

Games umpired door umpire7
	13,4	10,8	9,4	11,3	14,7	16,10	15,6	12,11	8,1	4,5	10,4	16,9	7,6	13,14	5,3	1,2	6,7	14,16	8,12	2,4	10,15	4,14	7,11	3,6	6,16	4,9	5,14	2,8	1,15	9,11	

Games umpired door umpire8
	16,1	9,2	11,8	12,4	10,5	15,9	13,8	14,6	7,2	6,3	16,11	15,14	4,1	8,6	10,9	14,15	16,13	3,5	6,11	12,14	1,7	5,15	2,10	11,12	4,13	3,14	7,9	9,15	8,16	5,13	

Solution Status from LocalSolver: Infeasible

Solution [travelDistance=249961, homeVisitViolations=0, consecutiveHomeVisitViolations=46, consecutiveTeamSeenViolations=32]
-1--2--3--4--5--6--7--8-
 [10, 7]  [9, 8]  [15, 2]  [11, 6]  [12, 5]  [14, 3]  [13, 4]  [16, 1] 
 [14, 4]  [15, 1]  [16, 3]  [13, 5]  [11, 7]  [12, 6]  [10, 8]  [9, 2] 
 [16, 2]  [10, 3]  [14, 1]  [12, 7]  [13, 6]  [15, 5]  [9, 4]  [11, 8] 
 [9, 5]  [16, 7]  [10, 6]  [15, 8]  [14, 2]  [13, 1]  [11, 3]  [12, 4] 
 [12, 1]  [13, 2]  [11, 4]  [9, 6]  [15, 3]  [16, 8]  [14, 7]  [10, 5] 
 [8, 3]  [11, 1]  [12, 2]  [14, 13]  [7, 4]  [6, 5]  [16, 10]  [15, 9] 
 [11, 2]  [14, 5]  [9, 7]  [16, 4]  [10, 1]  [12, 3]  [15, 6]  [13, 8] 
 [15, 7]  [8, 4]  [13, 3]  [10, 2]  [16, 5]  [9, 1]  [12, 11]  [14, 6] 
 [16, 6]  [12, 13]  [15, 4]  [11, 5]  [9, 3]  [14, 10]  [8, 1]  [7, 2] 
 [14, 9]  [15, 10]  [16, 12]  [7, 1]  [8, 2]  [11, 13]  [4, 5]  [6, 3] 
 [5, 2]  [7, 3]  [14, 8]  [13, 9]  [6, 1]  [15, 12]  [10, 4]  [16, 11] 
 [4, 3]  [6, 2]  [5, 1]  [12, 8]  [11, 10]  [13, 7]  [16, 9]  [15, 14] 
 [13, 10]  [16, 14]  [3, 2]  [15, 11]  [12, 9]  [8, 5]  [7, 6]  [4, 1] 
 [16, 15]  [11, 9]  [12, 10]  [4, 2]  [7, 5]  [3, 1]  [13, 14]  [8, 6] 
 [2, 1]  [13, 12]  [8, 7]  [14, 11]  [15, 16]  [6, 4]  [5, 3]  [10, 9] 
 [7, 8]  [5, 6]  [13, 11]  [12, 16]  [3, 4]  [9, 10]  [1, 2]  [14, 15] 
 [10, 11]  [1, 3]  [4, 15]  [8, 9]  [14, 12]  [2, 5]  [6, 7]  [16, 13] 
 [15, 13]  [8, 11]  [6, 9]  [1, 4]  [2, 7]  [10, 12]  [14, 16]  [3, 5] 
 [3, 9]  [2, 16]  [1, 5]  [10, 14]  [13, 15]  [4, 7]  [8, 12]  [6, 11] 
 [5, 8]  [7, 10]  [11, 16]  [3, 15]  [9, 13]  [1, 6]  [2, 4]  [12, 14] 
 [4, 11]  [6, 12]  [2, 3]  [13, 16]  [8, 14]  [5, 9]  [10, 15]  [1, 7] 
 [9, 16]  [1, 8]  [7, 13]  [2, 12]  [6, 10]  [3, 11]  [4, 14]  [5, 15] 
 [6, 14]  [3, 13]  [1, 9]  [4, 16]  [5, 12]  [8, 15]  [7, 11]  [2, 10] 
 [8, 13]  [2, 15]  [5, 4]  [9, 14]  [1, 10]  [7, 16]  [3, 6]  [11, 12] 
 [1, 11]  [7, 14]  [12, 15]  [5, 10]  [3, 8]  [2, 9]  [6, 16]  [4, 13] 
 [7, 15]  [5, 16]  [6, 8]  [1, 12]  [2, 11]  [10, 13]  [4, 9]  [3, 14] 
 [2, 6]  [3, 12]  [10, 16]  [11, 15]  [1, 13]  [4, 8]  [5, 14]  [7, 9] 
 [3, 16]  [4, 10]  [5, 11]  [6, 13]  [7, 12]  [1, 14]  [2, 8]  [9, 15] 
 [5, 7]  [11, 14]  [2, 13]  [3, 10]  [4, 6]  [9, 12]  [1, 15]  [8, 16] 
 [4, 12]  [1, 16]  [3, 7]  [2, 14]  [8, 10]  [6, 15]  [9, 11]  [5, 13] 
----------------
