Totale travel distance: 541880
Games umpired door umpire1
	19,12	17,15	20,13	29,8	16,9	30,11	12,7	28,22	27,18	26,8	25,19	21,3	30,15	18,2	26,14	25,11	28,9	12,3	27,21	17,7	24,22	9,1	26,15	10,4	27,20	19,21	7,5	3,1	6,4	9,10	30,29	18,20	11,16	23,24	26,27	5,10	8,14	21,30	22,28	9,26	11,18	2,13	7,24	22,29	23,30	17,25	1,19	6,18	9,16	15,26	14,29	13,30	2,28	10,18	7,21	19,26	4,15	1,30	

Games umpired door umpire2
	29,2	22,10	21,12	24,11	23,14	25,1	10,9	26,19	28,5	18,17	21,2	24,12	23,13	29,6	18,3	30,14	17,12	22,7	15,9	24,21	23,19	11,3	27,10	28,25	26,30	17,24	3,2	6,5	21,18	8,7	9,11	25,24	20,19	17,26	4,10	1,8	7,12	5,15	20,29	4,28	1,13	8,30	2,14	3,17	7,15	19,24	9,21	5,28	8,17	4,30	7,25	16,27	14,23	2,21	10,26	12,30	18,24	13,20	

Games umpired door umpire3
	22,9	16,2	18,15	27,1	25,12	20,6	30,4	14,7	13,19	22,2	24,5	29,4	16,7	14,8	21,9	19,5	18,10	15,6	12,1	30,27	8,3	20,17	7,2	9,5	18,11	23,25	24,28	4,2	7,8	19,17	10,13	22,23	14,15	28,30	18,19	26,29	2,10	9,12	5,7	15,19	16,24	18,22	11,29	9,23	6,28	5,26	8,13	3,25	11,19	10,20	6,15	4,14	1,25	3,29	5,23	6,22	17,11	7,18	

Games umpired door umpire4
	26,5	25,7	19,14	23,12	21,4	27,3	25,2	11,10	26,17	12,6	28,7	27,15	19,2	17,1	8,4	24,10	23,11	20,9	17,6	19,8	10,1	7,4	9,3	15,12	29,21	22,18	30,19	9,8	28,27	29,26	16,17	19,15	4,7	1,6	25,28	2,9	13,15	22,27	24,26	17,23	19,29	7,9	5,20	18,26	14,11	13,28	15,27	8,29	1,21	3,16	4,18	7,26	5,29	8,24	17,30	1,28	3,27	6,26	

Games umpired door umpire5
	24,7	21,11	23,10	20,15	17,8	19,7	26,3	27,9	23,2	30,20	15,11	18,5	14,3	26,13	27,25	15,1	29,20	14,2	22,8	23,18	11,7	25,13	28,19	27,26	9,4	5,1	11,12	22,17	14,16	23,15	6,7	3,5	8,12	21,22	24,29	23,28	3,6	17,19	1,11	7,29	20,26	4,23	17,27	5,11	8,22	6,30	3,18	1,20	15,24	13,29	16,28	11,22	12,21	15,30	6,20	10,17	2,26	12,23	

Games umpired door umpire6
	17,14	23,9	28,1	18,4	24,13	22,12	29,14	15,16	9,7	23,3	20,1	25,14	8,5	21,15	30,13	27,7	26,25	10,8	28,16	13,4	12,5	26,21	30,17	11,2	6,1	4,3	8,10	14,13	29,30	21,16	2,5	10,12	6,9	19,25	1,7	3,21	5,4	13,26	12,18	2,8	10,27	16,29	21,26	15,28	5,13	8,11	12,22	16,23	14,26	18,28	2,27	10,25	7,22	1,26	11,28	9,15	10,23	2,29	

Games umpired door umpire7
	30,1	28,4	26,7	19,3	20,5	17,9	23,16	21,6	24,3	29,7	13,12	30,9	22,21	24,4	29,11	16,3	15,2	27,23	30,25	28,29	26,16	10,6	23,20	22,14	28,17	15,7	9,6	26,23	2,1	12,13	22,19	8,9	25,30	27,29	2,11	14,19	22,24	1,10	4,16	3,13	6,8	12,24	18,30	10,21	2,25	9,29	5,24	7,27	4,20	2,19	12,10	18,29	16,30	14,20	13,25	11,21	8,28	10,15	

Games umpired door umpire8
	25,6	27,5	30,2	22,13	29,3	16,10	21,17	24,2	11,4	28,15	30,8	13,7	29,10	22,16	24,20	23,21	27,8	19,11	13,2	14,9	29,17	18,12	8,1	20,21	19,10	6,2	27,17	12,11	26,22	30,24	21,20	1,4	17,18	7,10	3,8	20,22	19,28	14,24	13,17	18,27	15,25	11,26	9,28	2,30	10,29	12,27	16,26	14,21	3,23	1,22	5,30	9,17	11,27	12,25	2,22	7,16	1,29	4,27	

Games umpired door umpire9
	18,13	29,1	16,4	26,9	28,11	18,8	27,22	25,3	20,10	24,16	23,6	19,1	25,9	27,11	28,12	18,6	30,16	13,1	11,5	25,26	9,2	30,22	24,14	6,3	15,8	13,9	22,25	21,19	24,23	20,18	1,3	6,11	22,26	12,15	14,17	16,18	21,27	20,28	19,30	1,12	7,23	3,10	8,25	6,24	19,27	2,16	10,30	15,22	12,29	9,25	17,21	1,24	4,26	6,13	3,19	8,27	5,16	9,24	

Games umpired door umpire10
	23,8	20,12	17,3	25,10	19,6	21,5	24,1	13,8	29,12	14,10	18,9	16,11	28,6	20,3	10,2	26,12	22,5	29,25	14,4	15,3	30,21	19,16	25,18	7,1	5,2	30,26	16,14	29,24	15,10	27,28	4,8	17,16	1,5	3,11	20,23	4,6	17,29	8,16	25,21	20,30	4,9	17,28	1,15	12,19	16,21	7,20	4,17	9,30	2,18	6,23	11,20	5,19	3,24	4,22	8,18	13,23	14,30	16,25	

Games umpired door umpire11
	21,10	24,8	22,11	30,7	27,2	28,14	15,5	23,1	25,16	27,19	26,4	28,8	18,1	25,5	19,22	17,2	21,7	26,24	10,3	11,1	28,18	14,5	16,12	30,23	24,25	29,28	15,13	18,16	12,9	11,14	25,23	27,30	28,24	2,4	6,12	7,13	20,16	25,29	23,27	21,24	17,22	1,14	6,10	4,25	3,26	15,23	14,28	13,11	5,25	7,17	1,23	6,21	8,15	9,27	12,16	14,25	13,21	11,17	

Games umpired door umpire12
	27,4	30,3	24,9	21,14	22,15	29,13	28,20	30,5	21,8	25,4	17,10	20,2	27,12	19,9	7,6	22,4	13,3	30,18	24,19	6,16	25,20	8,2	4,5	17,13	7,3	20,14	23,29	25,15	11,13	3,4	26,28	2,7	21,23	5,8	13,16	12,17	11,30	18,23	3,9	6,14	21,28	15,20	16,22	13,27	1,17	4,21	7,11	12,26	10,28	14,27	13,24	3,15	9,20	5,17	1,27	4,29	7,19	3,28	

Games umpired door umpire13
	28,3	26,6	25,8	17,5	30,10	24,15	13,6	29,18	22,1	11,9	27,14	26,10	20,4	23,7	15,17	28,13	14,1	16,5	29,23	22,20	15,4	27,24	11,6	29,19	16,13	12,8	18,21	30,28	19,20	1,2	24,27	21,29	13,10	14,18	22,30	25,27	1,9	4,11	2,15	10,16	5,14	6,19	3,12	8,20	9,18	10,22	2,23	4,19	7,30	11,24	8,26	12,28	13,18	16,19	15,29	2,24	12,20	14,22	

Games umpired door umpire14
	20,11	19,13	29,5	16,6	18,7	26,2	11,8	12,4	30,6	21,1	22,3	23,17	26,11	28,10	16,1	29,9	24,6	17,4	20,7	10,5	27,13	28,23	29,22	16,8	14,12	10,11	4,1	20,27	5,3	25,22	15,18	13,14	29,27	16,20	5,9	11,15	18,25	2,6	10,14	5,22	3,30	21,25	19,23	7,14	4,12	1,18	20,25	10,24	6,27	8,21	3,22	2,20	10,19	11,23	9,14	5,18	6,25	8,19	

Games umpired door umpire15
	16,15	18,14	27,6	28,2	26,1	23,4	19,18	17,20	15,14	13,5	29,16	22,6	24,17	30,12	23,5	20,8	19,4	28,21	26,18	12,2	14,6	29,15	21,13	24,18	23,22	27,16	26,20	10,7	25,17	5,6	12,14	28,26	2,3	9,13	15,21	24,30	23,26	3,7	8,6	11,25	2,12	5,27	4,13	1,16	20,24	3,14	6,29	2,17	13,22	5,12	9,19	8,23	6,17	7,28	4,24	3,20	9,22	5,21	

Solution Status from LocalSolver: Feasible

Solution [travelDistance=541880, homeVisitViolations=0, consecutiveHomeVisitViolations=0, consecutiveTeamSeenViolations=0]
-1--2--3--4--5--6--7--8--9--10--11--12--13--14--15-
 [19, 12]  [29, 2]  [22, 9]  [26, 5]  [24, 7]  [17, 14]  [30, 1]  [25, 6]  [18, 13]  [23, 8]  [21, 10]  [27, 4]  [28, 3]  [20, 11]  [16, 15] 
 [17, 15]  [22, 10]  [16, 2]  [25, 7]  [21, 11]  [23, 9]  [28, 4]  [27, 5]  [29, 1]  [20, 12]  [24, 8]  [30, 3]  [26, 6]  [19, 13]  [18, 14] 
 [20, 13]  [21, 12]  [18, 15]  [19, 14]  [23, 10]  [28, 1]  [26, 7]  [30, 2]  [16, 4]  [17, 3]  [22, 11]  [24, 9]  [25, 8]  [29, 5]  [27, 6] 
 [29, 8]  [24, 11]  [27, 1]  [23, 12]  [20, 15]  [18, 4]  [19, 3]  [22, 13]  [26, 9]  [25, 10]  [30, 7]  [21, 14]  [17, 5]  [16, 6]  [28, 2] 
 [16, 9]  [23, 14]  [25, 12]  [21, 4]  [17, 8]  [24, 13]  [20, 5]  [29, 3]  [28, 11]  [19, 6]  [27, 2]  [22, 15]  [30, 10]  [18, 7]  [26, 1] 
 [30, 11]  [25, 1]  [20, 6]  [27, 3]  [19, 7]  [22, 12]  [17, 9]  [16, 10]  [18, 8]  [21, 5]  [28, 14]  [29, 13]  [24, 15]  [26, 2]  [23, 4] 
 [12, 7]  [10, 9]  [30, 4]  [25, 2]  [26, 3]  [29, 14]  [23, 16]  [21, 17]  [27, 22]  [24, 1]  [15, 5]  [28, 20]  [13, 6]  [11, 8]  [19, 18] 
 [28, 22]  [26, 19]  [14, 7]  [11, 10]  [27, 9]  [15, 16]  [21, 6]  [24, 2]  [25, 3]  [13, 8]  [23, 1]  [30, 5]  [29, 18]  [12, 4]  [17, 20] 
 [27, 18]  [28, 5]  [13, 19]  [26, 17]  [23, 2]  [9, 7]  [24, 3]  [11, 4]  [20, 10]  [29, 12]  [25, 16]  [21, 8]  [22, 1]  [30, 6]  [15, 14] 
 [26, 8]  [18, 17]  [22, 2]  [12, 6]  [30, 20]  [23, 3]  [29, 7]  [28, 15]  [24, 16]  [14, 10]  [27, 19]  [25, 4]  [11, 9]  [21, 1]  [13, 5] 
 [25, 19]  [21, 2]  [24, 5]  [28, 7]  [15, 11]  [20, 1]  [13, 12]  [30, 8]  [23, 6]  [18, 9]  [26, 4]  [17, 10]  [27, 14]  [22, 3]  [29, 16] 
 [21, 3]  [24, 12]  [29, 4]  [27, 15]  [18, 5]  [25, 14]  [30, 9]  [13, 7]  [19, 1]  [16, 11]  [28, 8]  [20, 2]  [26, 10]  [23, 17]  [22, 6] 
 [30, 15]  [23, 13]  [16, 7]  [19, 2]  [14, 3]  [8, 5]  [22, 21]  [29, 10]  [25, 9]  [28, 6]  [18, 1]  [27, 12]  [20, 4]  [26, 11]  [24, 17] 
 [18, 2]  [29, 6]  [14, 8]  [17, 1]  [26, 13]  [21, 15]  [24, 4]  [22, 16]  [27, 11]  [20, 3]  [25, 5]  [19, 9]  [23, 7]  [28, 10]  [30, 12] 
 [26, 14]  [18, 3]  [21, 9]  [8, 4]  [27, 25]  [30, 13]  [29, 11]  [24, 20]  [28, 12]  [10, 2]  [19, 22]  [7, 6]  [15, 17]  [16, 1]  [23, 5] 
 [25, 11]  [30, 14]  [19, 5]  [24, 10]  [15, 1]  [27, 7]  [16, 3]  [23, 21]  [18, 6]  [26, 12]  [17, 2]  [22, 4]  [28, 13]  [29, 9]  [20, 8] 
 [28, 9]  [17, 12]  [18, 10]  [23, 11]  [29, 20]  [26, 25]  [15, 2]  [27, 8]  [30, 16]  [22, 5]  [21, 7]  [13, 3]  [14, 1]  [24, 6]  [19, 4] 
 [12, 3]  [22, 7]  [15, 6]  [20, 9]  [14, 2]  [10, 8]  [27, 23]  [19, 11]  [13, 1]  [29, 25]  [26, 24]  [30, 18]  [16, 5]  [17, 4]  [28, 21] 
 [27, 21]  [15, 9]  [12, 1]  [17, 6]  [22, 8]  [28, 16]  [30, 25]  [13, 2]  [11, 5]  [14, 4]  [10, 3]  [24, 19]  [29, 23]  [20, 7]  [26, 18] 
 [17, 7]  [24, 21]  [30, 27]  [19, 8]  [23, 18]  [13, 4]  [28, 29]  [14, 9]  [25, 26]  [15, 3]  [11, 1]  [6, 16]  [22, 20]  [10, 5]  [12, 2] 
 [24, 22]  [23, 19]  [8, 3]  [10, 1]  [11, 7]  [12, 5]  [26, 16]  [29, 17]  [9, 2]  [30, 21]  [28, 18]  [25, 20]  [15, 4]  [27, 13]  [14, 6] 
 [9, 1]  [11, 3]  [20, 17]  [7, 4]  [25, 13]  [26, 21]  [10, 6]  [18, 12]  [30, 22]  [19, 16]  [14, 5]  [8, 2]  [27, 24]  [28, 23]  [29, 15] 
 [26, 15]  [27, 10]  [7, 2]  [9, 3]  [28, 19]  [30, 17]  [23, 20]  [8, 1]  [24, 14]  [25, 18]  [16, 12]  [4, 5]  [11, 6]  [29, 22]  [21, 13] 
 [10, 4]  [28, 25]  [9, 5]  [15, 12]  [27, 26]  [11, 2]  [22, 14]  [20, 21]  [6, 3]  [7, 1]  [30, 23]  [17, 13]  [29, 19]  [16, 8]  [24, 18] 
 [27, 20]  [26, 30]  [18, 11]  [29, 21]  [9, 4]  [6, 1]  [28, 17]  [19, 10]  [15, 8]  [5, 2]  [24, 25]  [7, 3]  [16, 13]  [14, 12]  [23, 22] 
 [19, 21]  [17, 24]  [23, 25]  [22, 18]  [5, 1]  [4, 3]  [15, 7]  [6, 2]  [13, 9]  [30, 26]  [29, 28]  [20, 14]  [12, 8]  [10, 11]  [27, 16] 
 [7, 5]  [3, 2]  [24, 28]  [30, 19]  [11, 12]  [8, 10]  [9, 6]  [27, 17]  [22, 25]  [16, 14]  [15, 13]  [23, 29]  [18, 21]  [4, 1]  [26, 20] 
 [3, 1]  [6, 5]  [4, 2]  [9, 8]  [22, 17]  [14, 13]  [26, 23]  [12, 11]  [21, 19]  [29, 24]  [18, 16]  [25, 15]  [30, 28]  [20, 27]  [10, 7] 
 [6, 4]  [21, 18]  [7, 8]  [28, 27]  [14, 16]  [29, 30]  [2, 1]  [26, 22]  [24, 23]  [15, 10]  [12, 9]  [11, 13]  [19, 20]  [5, 3]  [25, 17] 
 [9, 10]  [8, 7]  [19, 17]  [29, 26]  [23, 15]  [21, 16]  [12, 13]  [30, 24]  [20, 18]  [27, 28]  [11, 14]  [3, 4]  [1, 2]  [25, 22]  [5, 6] 
 [30, 29]  [9, 11]  [10, 13]  [16, 17]  [6, 7]  [2, 5]  [22, 19]  [21, 20]  [1, 3]  [4, 8]  [25, 23]  [26, 28]  [24, 27]  [15, 18]  [12, 14] 
 [18, 20]  [25, 24]  [22, 23]  [19, 15]  [3, 5]  [10, 12]  [8, 9]  [1, 4]  [6, 11]  [17, 16]  [27, 30]  [2, 7]  [21, 29]  [13, 14]  [28, 26] 
 [11, 16]  [20, 19]  [14, 15]  [4, 7]  [8, 12]  [6, 9]  [25, 30]  [17, 18]  [22, 26]  [1, 5]  [28, 24]  [21, 23]  [13, 10]  [29, 27]  [2, 3] 
 [23, 24]  [17, 26]  [28, 30]  [1, 6]  [21, 22]  [19, 25]  [27, 29]  [7, 10]  [12, 15]  [3, 11]  [2, 4]  [5, 8]  [14, 18]  [16, 20]  [9, 13] 
 [26, 27]  [4, 10]  [18, 19]  [25, 28]  [24, 29]  [1, 7]  [2, 11]  [3, 8]  [14, 17]  [20, 23]  [6, 12]  [13, 16]  [22, 30]  [5, 9]  [15, 21] 
 [5, 10]  [1, 8]  [26, 29]  [2, 9]  [23, 28]  [3, 21]  [14, 19]  [20, 22]  [16, 18]  [4, 6]  [7, 13]  [12, 17]  [25, 27]  [11, 15]  [24, 30] 
 [8, 14]  [7, 12]  [2, 10]  [13, 15]  [3, 6]  [5, 4]  [22, 24]  [19, 28]  [21, 27]  [17, 29]  [20, 16]  [11, 30]  [1, 9]  [18, 25]  [23, 26] 
 [21, 30]  [5, 15]  [9, 12]  [22, 27]  [17, 19]  [13, 26]  [1, 10]  [14, 24]  [20, 28]  [8, 16]  [25, 29]  [18, 23]  [4, 11]  [2, 6]  [3, 7] 
 [22, 28]  [20, 29]  [5, 7]  [24, 26]  [1, 11]  [12, 18]  [4, 16]  [13, 17]  [19, 30]  [25, 21]  [23, 27]  [3, 9]  [2, 15]  [10, 14]  [8, 6] 
 [9, 26]  [4, 28]  [15, 19]  [17, 23]  [7, 29]  [2, 8]  [3, 13]  [18, 27]  [1, 12]  [20, 30]  [21, 24]  [6, 14]  [10, 16]  [5, 22]  [11, 25] 
 [11, 18]  [1, 13]  [16, 24]  [19, 29]  [20, 26]  [10, 27]  [6, 8]  [15, 25]  [7, 23]  [4, 9]  [17, 22]  [21, 28]  [5, 14]  [3, 30]  [2, 12] 
 [2, 13]  [8, 30]  [18, 22]  [7, 9]  [4, 23]  [16, 29]  [12, 24]  [11, 26]  [3, 10]  [17, 28]  [1, 14]  [15, 20]  [6, 19]  [21, 25]  [5, 27] 
 [7, 24]  [2, 14]  [11, 29]  [5, 20]  [17, 27]  [21, 26]  [18, 30]  [9, 28]  [8, 25]  [1, 15]  [6, 10]  [16, 22]  [3, 12]  [19, 23]  [4, 13] 
 [22, 29]  [3, 17]  [9, 23]  [18, 26]  [5, 11]  [15, 28]  [10, 21]  [2, 30]  [6, 24]  [12, 19]  [4, 25]  [13, 27]  [8, 20]  [7, 14]  [1, 16] 
 [23, 30]  [7, 15]  [6, 28]  [14, 11]  [8, 22]  [5, 13]  [2, 25]  [10, 29]  [19, 27]  [16, 21]  [3, 26]  [1, 17]  [9, 18]  [4, 12]  [20, 24] 
 [17, 25]  [19, 24]  [5, 26]  [13, 28]  [6, 30]  [8, 11]  [9, 29]  [12, 27]  [2, 16]  [7, 20]  [15, 23]  [4, 21]  [10, 22]  [1, 18]  [3, 14] 
 [1, 19]  [9, 21]  [8, 13]  [15, 27]  [3, 18]  [12, 22]  [5, 24]  [16, 26]  [10, 30]  [4, 17]  [14, 28]  [7, 11]  [2, 23]  [20, 25]  [6, 29] 
 [6, 18]  [5, 28]  [3, 25]  [8, 29]  [1, 20]  [16, 23]  [7, 27]  [14, 21]  [15, 22]  [9, 30]  [13, 11]  [12, 26]  [4, 19]  [10, 24]  [2, 17] 
 [9, 16]  [8, 17]  [11, 19]  [1, 21]  [15, 24]  [14, 26]  [4, 20]  [3, 23]  [12, 29]  [2, 18]  [5, 25]  [10, 28]  [7, 30]  [6, 27]  [13, 22] 
 [15, 26]  [4, 30]  [10, 20]  [3, 16]  [13, 29]  [18, 28]  [2, 19]  [1, 22]  [9, 25]  [6, 23]  [7, 17]  [14, 27]  [11, 24]  [8, 21]  [5, 12] 
 [14, 29]  [7, 25]  [6, 15]  [4, 18]  [16, 28]  [2, 27]  [12, 10]  [5, 30]  [17, 21]  [11, 20]  [1, 23]  [13, 24]  [8, 26]  [3, 22]  [9, 19] 
 [13, 30]  [16, 27]  [4, 14]  [7, 26]  [11, 22]  [10, 25]  [18, 29]  [9, 17]  [1, 24]  [5, 19]  [6, 21]  [3, 15]  [12, 28]  [2, 20]  [8, 23] 
 [2, 28]  [14, 23]  [1, 25]  [5, 29]  [12, 21]  [7, 22]  [16, 30]  [11, 27]  [4, 26]  [3, 24]  [8, 15]  [9, 20]  [13, 18]  [10, 19]  [6, 17] 
 [10, 18]  [2, 21]  [3, 29]  [8, 24]  [15, 30]  [1, 26]  [14, 20]  [12, 25]  [6, 13]  [4, 22]  [9, 27]  [5, 17]  [16, 19]  [11, 23]  [7, 28] 
 [7, 21]  [10, 26]  [5, 23]  [17, 30]  [6, 20]  [11, 28]  [13, 25]  [2, 22]  [3, 19]  [8, 18]  [12, 16]  [1, 27]  [15, 29]  [9, 14]  [4, 24] 
 [19, 26]  [12, 30]  [6, 22]  [1, 28]  [10, 17]  [9, 15]  [11, 21]  [7, 16]  [8, 27]  [13, 23]  [14, 25]  [4, 29]  [2, 24]  [5, 18]  [3, 20] 
 [4, 15]  [18, 24]  [17, 11]  [3, 27]  [2, 26]  [10, 23]  [8, 28]  [1, 29]  [5, 16]  [14, 30]  [13, 21]  [7, 19]  [12, 20]  [6, 25]  [9, 22] 
 [1, 30]  [13, 20]  [7, 18]  [6, 26]  [12, 23]  [2, 29]  [10, 15]  [4, 27]  [9, 24]  [16, 25]  [11, 17]  [3, 28]  [14, 22]  [8, 19]  [5, 21] 
------------------------------
