Totale travel distance: 533437
Games umpired door umpire1
	30,1	18,14	22,11	29,8	16,9	24,15	19,18	17,20	21,8	23,3	27,14	26,10	28,6	25,5	19,22	20,8	21,7	26,24	12,1	28,29	15,4	14,5	27,10	11,2	23,22	17,24	7,5	25,15	19,20	3,4	24,27	22,23	13,10	14,18	2,11	26,29	19,28	1,10	4,16	17,23	3,30	6,19	8,25	1,16	4,12	7,20	2,23	10,24	9,16	5,12	4,18	3,15	7,22	2,21	6,20	1,28	4,15	7,18	

Games umpired door umpire2
	18,13	28,4	26,7	20,15	23,14	21,5	24,1	28,22	26,17	11,9	25,19	27,15	22,21	24,4	18,3	28,13	27,8	19,11	20,7	10,5	26,16	25,13	30,17	15,12	29,21	22,18	8,10	3,1	6,4	23,15	16,17	13,14	22,26	3,11	20,23	4,6	1,9	5,15	19,30	7,29	11,18	12,24	9,28	2,30	10,29	17,25	1,19	7,27	3,23	4,30	13,24	18,29	11,27	5,17	10,26	2,24	12,20	14,22	

Games umpired door umpire3
	22,9	29,1	16,4	23,12	17,8	20,6	10,9	26,19	27,18	28,15	30,8	24,12	23,13	19,9	7,6	17,2	29,20	16,5	14,4	11,1	23,19	29,15	16,12	22,14	24,25	6,2	18,21	12,11	14,16	27,28	2,5	25,24	20,19	17,26	3,8	5,10	11,30	9,12	22,28	18,27	15,25	16,29	21,26	9,23	5,13	6,30	7,11	15,22	14,26	13,29	9,19	8,23	1,25	4,22	7,21	19,26	8,28	9,24	

Games umpired door umpire4
	24,7	21,11	30,2	18,4	22,15	29,13	21,17	11,10	9,7	24,16	23,6	19,1	20,4	27,11	21,9	24,10	15,2	30,18	11,5	6,16	8,3	20,17	7,2	28,25	26,30	10,11	4,1	20,27	25,17	5,6	9,11	21,29	8,12	19,25	1,7	20,22	23,26	8,16	3,9	4,28	17,22	5,27	2,14	18,26	16,21	13,28	6,29	3,25	2,18	10,20	1,23	7,26	5,29	15,30	12,16	14,25	13,21	11,17	

Games umpired door umpire5
	28,3	16,2	29,5	22,13	30,10	25,1	26,3	27,9	11,4	18,17	13,12	25,14	8,5	23,7	24,20	22,4	13,3	14,2	29,23	30,27	24,22	18,12	28,19	10,4	27,20	23,25	15,13	9,8	5,3	19,17	26,28	2,7	25,30	12,15	14,17	16,18	21,27	25,29	1,11	20,30	7,23	3,10	17,27	4,25	20,24	1,18	9,21	5,28	8,17	11,24	14,29	16,27	12,21	10,18	5,23	6,22	17,11	4,27	

Games umpired door umpire6
	26,5	25,7	27,6	21,14	24,13	30,11	23,16	25,3	20,10	27,19	26,4	16,11	14,3	29,6	30,13	15,1	28,9	12,3	17,6	25,26	11,7	19,16	4,5	20,21	6,1	29,28	22,25	18,16	15,10	30,24	21,20	6,11	1,5	7,10	25,28	3,21	13,15	14,24	12,18	9,26	10,27	2,13	7,24	22,29	23,30	3,14	4,17	1,20	6,27	18,28	12,10	13,30	14,23	16,19	15,29	8,27	9,22	5,21	

Games umpired door umpire7
	19,12	27,5	28,1	16,6	29,3	22,12	15,5	24,2	25,16	26,8	20,1	21,3	29,10	22,16	15,17	30,14	26,25	10,8	27,21	23,18	9,2	30,22	24,14	17,13	7,3	19,21	26,20	4,2	28,27	12,13	30,29	18,20	14,15	5,8	4,10	2,9	18,25	13,26	5,7	15,19	16,24	18,22	11,29	10,21	2,25	19,24	3,18	8,29	4,20	6,23	2,27	12,28	16,30	14,20	13,25	10,17	3,27	1,30	

Games umpired door umpire8
	17,14	19,13	25,8	26,9	18,7	16,10	29,14	21,6	24,3	22,2	15,11	29,4	16,7	20,3	28,12	18,6	22,5	27,23	30,25	12,2	10,1	26,21	9,3	24,18	15,8	5,1	11,12	14,13	29,30	9,10	1,3	17,16	4,7	23,24	6,12	1,8	17,29	22,27	24,26	6,14	2,12	15,20	16,22	13,27	14,11	9,29	10,30	2,17	13,22	15,26	11,20	10,25	2,28	3,29	1,27	7,16	6,25	8,19	

Games umpired door umpire9
	27,4	26,6	18,15	28,2	25,12	19,7	11,8	30,5	23,2	14,10	29,16	13,7	30,15	18,2	26,14	19,5	17,12	20,9	10,3	24,21	14,6	8,2	23,20	29,19	16,13	15,7	9,6	30,28	2,1	21,16	22,19	8,9	28,24	2,4	26,27	7,13	20,16	17,19	8,6	5,22	1,13	7,9	19,23	3,17	6,28	5,26	15,27	16,23	12,29	8,21	3,22	1,24	4,26	6,13	8,18	9,15	5,16	12,23	

Games umpired door umpire10
	23,8	30,3	21,12	27,1	28,11	26,2	30,4	15,16	22,1	12,6	28,7	18,5	19,2	17,1	8,4	23,21	24,6	29,25	13,2	14,9	12,5	28,23	11,6	7,1	19,10	20,14	3,2	6,5	24,23	29,26	15,18	10,12	2,3	28,30	13,16	14,19	22,24	2,6	25,21	3,13	4,9	1,14	18,30	12,19	7,15	10,22	8,13	6,18	5,25	14,27	16,28	11,22	9,20	8,24	3,19	13,23	14,30	16,25	

Games umpired door umpire11
	29,2	24,8	23,10	19,3	20,5	17,9	27,22	23,1	15,14	25,4	17,10	20,2	26,11	21,15	23,5	27,7	19,4	13,1	22,8	15,3	30,21	7,4	25,18	27,26	28,17	12,8	16,14	29,24	11,13	1,2	4,8	3,5	6,9	27,29	18,19	12,17	5,4	21,30	2,15	10,16	20,26	17,28	4,13	5,11	8,22	15,23	14,28	12,26	11,19	7,17	6,15	2,20	13,18	12,25	9,14	11,21	10,23	2,29	

Games umpired door umpire12
	21,10	23,9	20,13	17,5	19,6	27,3	25,2	14,7	29,12	13,5	22,3	30,9	18,1	28,10	27,25	26,12	23,11	17,4	28,16	19,8	27,13	10,6	26,15	9,5	18,11	27,16	30,19	26,23	12,9	25,22	6,7	1,4	29,27	16,20	15,21	24,30	8,14	3,7	23,27	11,25	21,28	8,30	3,12	7,14	1,17	4,21	5,24	9,30	10,28	2,19	7,25	6,21	3,24	1,26	17,30	4,29	7,19	3,28	

Games umpired door umpire13
	20,11	17,15	19,14	25,10	26,1	23,4	13,6	29,18	28,5	30,20	21,2	22,6	24,17	14,8	16,1	29,9	18,10	15,6	24,19	22,20	29,17	9,1	21,13	30,23	5,2	4,3	24,28	22,17	21,18	8,7	10,13	27,30	11,16	21,22	5,9	23,28	3,6	4,11	20,29	1,12	5,14	21,25	6,10	8,20	9,18	12,27	16,26	13,11	7,30	1,22	17,21	4,14	8,15	9,27	11,28	5,18	2,26	10,15	

Games umpired door umpire14
	25,6	20,12	17,3	24,11	21,4	28,14	12,7	13,8	30,6	21,1	24,5	23,17	25,9	30,12	29,11	16,3	14,1	22,7	15,9	13,4	28,18	11,3	29,22	16,8	14,12	13,9	27,17	10,7	26,22	11,14	25,23	19,15	17,18	1,6	24,29	25,27	7,12	20,28	10,14	2,8	19,29	4,23	1,15	6,24	3,26	8,11	20,25	4,19	1,21	3,16	5,30	9,17	10,19	11,23	2,22	12,30	18,24	13,20	

Games umpired door umpire15
	16,15	22,10	24,9	30,7	27,2	18,8	28,20	12,4	13,19	29,7	18,9	28,8	27,12	26,13	10,2	25,11	30,16	28,21	26,18	17,7	25,20	27,24	8,1	6,3	9,4	30,26	23,29	21,19	7,8	20,18	12,14	28,26	21,23	9,13	22,30	11,15	2,10	18,23	13,17	21,24	6,8	11,26	5,20	15,28	19,27	2,16	12,22	14,21	15,24	9,25	8,26	5,19	6,17	7,28	4,24	3,20	1,29	6,26	

Solution Status from LocalSolver: Feasible

Solution [travelDistance=533437, homeVisitViolations=0, consecutiveHomeVisitViolations=0, consecutiveTeamSeenViolations=0]
-1--2--3--4--5--6--7--8--9--10--11--12--13--14--15-
 [30, 1]  [18, 13]  [22, 9]  [24, 7]  [28, 3]  [26, 5]  [19, 12]  [17, 14]  [27, 4]  [23, 8]  [29, 2]  [21, 10]  [20, 11]  [25, 6]  [16, 15] 
 [18, 14]  [28, 4]  [29, 1]  [21, 11]  [16, 2]  [25, 7]  [27, 5]  [19, 13]  [26, 6]  [30, 3]  [24, 8]  [23, 9]  [17, 15]  [20, 12]  [22, 10] 
 [22, 11]  [26, 7]  [16, 4]  [30, 2]  [29, 5]  [27, 6]  [28, 1]  [25, 8]  [18, 15]  [21, 12]  [23, 10]  [20, 13]  [19, 14]  [17, 3]  [24, 9] 
 [29, 8]  [20, 15]  [23, 12]  [18, 4]  [22, 13]  [21, 14]  [16, 6]  [26, 9]  [28, 2]  [27, 1]  [19, 3]  [17, 5]  [25, 10]  [24, 11]  [30, 7] 
 [16, 9]  [23, 14]  [17, 8]  [22, 15]  [30, 10]  [24, 13]  [29, 3]  [18, 7]  [25, 12]  [28, 11]  [20, 5]  [19, 6]  [26, 1]  [21, 4]  [27, 2] 
 [24, 15]  [21, 5]  [20, 6]  [29, 13]  [25, 1]  [30, 11]  [22, 12]  [16, 10]  [19, 7]  [26, 2]  [17, 9]  [27, 3]  [23, 4]  [28, 14]  [18, 8] 
 [19, 18]  [24, 1]  [10, 9]  [21, 17]  [26, 3]  [23, 16]  [15, 5]  [29, 14]  [11, 8]  [30, 4]  [27, 22]  [25, 2]  [13, 6]  [12, 7]  [28, 20] 
 [17, 20]  [28, 22]  [26, 19]  [11, 10]  [27, 9]  [25, 3]  [24, 2]  [21, 6]  [30, 5]  [15, 16]  [23, 1]  [14, 7]  [29, 18]  [13, 8]  [12, 4] 
 [21, 8]  [26, 17]  [27, 18]  [9, 7]  [11, 4]  [20, 10]  [25, 16]  [24, 3]  [23, 2]  [22, 1]  [15, 14]  [29, 12]  [28, 5]  [30, 6]  [13, 19] 
 [23, 3]  [11, 9]  [28, 15]  [24, 16]  [18, 17]  [27, 19]  [26, 8]  [22, 2]  [14, 10]  [12, 6]  [25, 4]  [13, 5]  [30, 20]  [21, 1]  [29, 7] 
 [27, 14]  [25, 19]  [30, 8]  [23, 6]  [13, 12]  [26, 4]  [20, 1]  [15, 11]  [29, 16]  [28, 7]  [17, 10]  [22, 3]  [21, 2]  [24, 5]  [18, 9] 
 [26, 10]  [27, 15]  [24, 12]  [19, 1]  [25, 14]  [16, 11]  [21, 3]  [29, 4]  [13, 7]  [18, 5]  [20, 2]  [30, 9]  [22, 6]  [23, 17]  [28, 8] 
 [28, 6]  [22, 21]  [23, 13]  [20, 4]  [8, 5]  [14, 3]  [29, 10]  [16, 7]  [30, 15]  [19, 2]  [26, 11]  [18, 1]  [24, 17]  [25, 9]  [27, 12] 
 [25, 5]  [24, 4]  [19, 9]  [27, 11]  [23, 7]  [29, 6]  [22, 16]  [20, 3]  [18, 2]  [17, 1]  [21, 15]  [28, 10]  [14, 8]  [30, 12]  [26, 13] 
 [19, 22]  [18, 3]  [7, 6]  [21, 9]  [24, 20]  [30, 13]  [15, 17]  [28, 12]  [26, 14]  [8, 4]  [23, 5]  [27, 25]  [16, 1]  [29, 11]  [10, 2] 
 [20, 8]  [28, 13]  [17, 2]  [24, 10]  [22, 4]  [15, 1]  [30, 14]  [18, 6]  [19, 5]  [23, 21]  [27, 7]  [26, 12]  [29, 9]  [16, 3]  [25, 11] 
 [21, 7]  [27, 8]  [29, 20]  [15, 2]  [13, 3]  [28, 9]  [26, 25]  [22, 5]  [17, 12]  [24, 6]  [19, 4]  [23, 11]  [18, 10]  [14, 1]  [30, 16] 
 [26, 24]  [19, 11]  [16, 5]  [30, 18]  [14, 2]  [12, 3]  [10, 8]  [27, 23]  [20, 9]  [29, 25]  [13, 1]  [17, 4]  [15, 6]  [22, 7]  [28, 21] 
 [12, 1]  [20, 7]  [14, 4]  [11, 5]  [29, 23]  [17, 6]  [27, 21]  [30, 25]  [10, 3]  [13, 2]  [22, 8]  [28, 16]  [24, 19]  [15, 9]  [26, 18] 
 [28, 29]  [10, 5]  [11, 1]  [6, 16]  [30, 27]  [25, 26]  [23, 18]  [12, 2]  [24, 21]  [14, 9]  [15, 3]  [19, 8]  [22, 20]  [13, 4]  [17, 7] 
 [15, 4]  [26, 16]  [23, 19]  [8, 3]  [24, 22]  [11, 7]  [9, 2]  [10, 1]  [14, 6]  [12, 5]  [30, 21]  [27, 13]  [29, 17]  [28, 18]  [25, 20] 
 [14, 5]  [25, 13]  [29, 15]  [20, 17]  [18, 12]  [19, 16]  [30, 22]  [26, 21]  [8, 2]  [28, 23]  [7, 4]  [10, 6]  [9, 1]  [11, 3]  [27, 24] 
 [27, 10]  [30, 17]  [16, 12]  [7, 2]  [28, 19]  [4, 5]  [24, 14]  [9, 3]  [23, 20]  [11, 6]  [25, 18]  [26, 15]  [21, 13]  [29, 22]  [8, 1] 
 [11, 2]  [15, 12]  [22, 14]  [28, 25]  [10, 4]  [20, 21]  [17, 13]  [24, 18]  [29, 19]  [7, 1]  [27, 26]  [9, 5]  [30, 23]  [16, 8]  [6, 3] 
 [23, 22]  [29, 21]  [24, 25]  [26, 30]  [27, 20]  [6, 1]  [7, 3]  [15, 8]  [16, 13]  [19, 10]  [28, 17]  [18, 11]  [5, 2]  [14, 12]  [9, 4] 
 [17, 24]  [22, 18]  [6, 2]  [10, 11]  [23, 25]  [29, 28]  [19, 21]  [5, 1]  [15, 7]  [20, 14]  [12, 8]  [27, 16]  [4, 3]  [13, 9]  [30, 26] 
 [7, 5]  [8, 10]  [18, 21]  [4, 1]  [15, 13]  [22, 25]  [26, 20]  [11, 12]  [9, 6]  [3, 2]  [16, 14]  [30, 19]  [24, 28]  [27, 17]  [23, 29] 
 [25, 15]  [3, 1]  [12, 11]  [20, 27]  [9, 8]  [18, 16]  [4, 2]  [14, 13]  [30, 28]  [6, 5]  [29, 24]  [26, 23]  [22, 17]  [10, 7]  [21, 19] 
 [19, 20]  [6, 4]  [14, 16]  [25, 17]  [5, 3]  [15, 10]  [28, 27]  [29, 30]  [2, 1]  [24, 23]  [11, 13]  [12, 9]  [21, 18]  [26, 22]  [7, 8] 
 [3, 4]  [23, 15]  [27, 28]  [5, 6]  [19, 17]  [30, 24]  [12, 13]  [9, 10]  [21, 16]  [29, 26]  [1, 2]  [25, 22]  [8, 7]  [11, 14]  [20, 18] 
 [24, 27]  [16, 17]  [2, 5]  [9, 11]  [26, 28]  [21, 20]  [30, 29]  [1, 3]  [22, 19]  [15, 18]  [4, 8]  [6, 7]  [10, 13]  [25, 23]  [12, 14] 
 [22, 23]  [13, 14]  [25, 24]  [21, 29]  [2, 7]  [6, 11]  [18, 20]  [17, 16]  [8, 9]  [10, 12]  [3, 5]  [1, 4]  [27, 30]  [19, 15]  [28, 26] 
 [13, 10]  [22, 26]  [20, 19]  [8, 12]  [25, 30]  [1, 5]  [14, 15]  [4, 7]  [28, 24]  [2, 3]  [6, 9]  [29, 27]  [11, 16]  [17, 18]  [21, 23] 
 [14, 18]  [3, 11]  [17, 26]  [19, 25]  [12, 15]  [7, 10]  [5, 8]  [23, 24]  [2, 4]  [28, 30]  [27, 29]  [16, 20]  [21, 22]  [1, 6]  [9, 13] 
 [2, 11]  [20, 23]  [3, 8]  [1, 7]  [14, 17]  [25, 28]  [4, 10]  [6, 12]  [26, 27]  [13, 16]  [18, 19]  [15, 21]  [5, 9]  [24, 29]  [22, 30] 
 [26, 29]  [4, 6]  [5, 10]  [20, 22]  [16, 18]  [3, 21]  [2, 9]  [1, 8]  [7, 13]  [14, 19]  [12, 17]  [24, 30]  [23, 28]  [25, 27]  [11, 15] 
 [19, 28]  [1, 9]  [11, 30]  [23, 26]  [21, 27]  [13, 15]  [18, 25]  [17, 29]  [20, 16]  [22, 24]  [5, 4]  [8, 14]  [3, 6]  [7, 12]  [2, 10] 
 [1, 10]  [5, 15]  [9, 12]  [8, 16]  [25, 29]  [14, 24]  [13, 26]  [22, 27]  [17, 19]  [2, 6]  [21, 30]  [3, 7]  [4, 11]  [20, 28]  [18, 23] 
 [4, 16]  [19, 30]  [22, 28]  [3, 9]  [1, 11]  [12, 18]  [5, 7]  [24, 26]  [8, 6]  [25, 21]  [2, 15]  [23, 27]  [20, 29]  [10, 14]  [13, 17] 
 [17, 23]  [7, 29]  [18, 27]  [4, 28]  [20, 30]  [9, 26]  [15, 19]  [6, 14]  [5, 22]  [3, 13]  [10, 16]  [11, 25]  [1, 12]  [2, 8]  [21, 24] 
 [3, 30]  [11, 18]  [15, 25]  [17, 22]  [7, 23]  [10, 27]  [16, 24]  [2, 12]  [1, 13]  [4, 9]  [20, 26]  [21, 28]  [5, 14]  [19, 29]  [6, 8] 
 [6, 19]  [12, 24]  [16, 29]  [5, 27]  [3, 10]  [2, 13]  [18, 22]  [15, 20]  [7, 9]  [1, 14]  [17, 28]  [8, 30]  [21, 25]  [4, 23]  [11, 26] 
 [8, 25]  [9, 28]  [21, 26]  [2, 14]  [17, 27]  [7, 24]  [11, 29]  [16, 22]  [19, 23]  [18, 30]  [4, 13]  [3, 12]  [6, 10]  [1, 15]  [5, 20] 
 [1, 16]  [2, 30]  [9, 23]  [18, 26]  [4, 25]  [22, 29]  [10, 21]  [13, 27]  [3, 17]  [12, 19]  [5, 11]  [7, 14]  [8, 20]  [6, 24]  [15, 28] 
 [4, 12]  [10, 29]  [5, 13]  [16, 21]  [20, 24]  [23, 30]  [2, 25]  [14, 11]  [6, 28]  [7, 15]  [8, 22]  [1, 17]  [9, 18]  [3, 26]  [19, 27] 
 [7, 20]  [17, 25]  [6, 30]  [13, 28]  [1, 18]  [3, 14]  [19, 24]  [9, 29]  [5, 26]  [10, 22]  [15, 23]  [4, 21]  [12, 27]  [8, 11]  [2, 16] 
 [2, 23]  [1, 19]  [7, 11]  [6, 29]  [9, 21]  [4, 17]  [3, 18]  [10, 30]  [15, 27]  [8, 13]  [14, 28]  [5, 24]  [16, 26]  [20, 25]  [12, 22] 
 [10, 24]  [7, 27]  [15, 22]  [3, 25]  [5, 28]  [1, 20]  [8, 29]  [2, 17]  [16, 23]  [6, 18]  [12, 26]  [9, 30]  [13, 11]  [4, 19]  [14, 21] 
 [9, 16]  [3, 23]  [14, 26]  [2, 18]  [8, 17]  [6, 27]  [4, 20]  [13, 22]  [12, 29]  [5, 25]  [11, 19]  [10, 28]  [7, 30]  [1, 21]  [15, 24] 
 [5, 12]  [4, 30]  [13, 29]  [10, 20]  [11, 24]  [18, 28]  [6, 23]  [15, 26]  [8, 21]  [14, 27]  [7, 17]  [2, 19]  [1, 22]  [3, 16]  [9, 25] 
 [4, 18]  [13, 24]  [9, 19]  [1, 23]  [14, 29]  [12, 10]  [2, 27]  [11, 20]  [3, 22]  [16, 28]  [6, 15]  [7, 25]  [17, 21]  [5, 30]  [8, 26] 
 [3, 15]  [18, 29]  [8, 23]  [7, 26]  [16, 27]  [13, 30]  [12, 28]  [10, 25]  [1, 24]  [11, 22]  [2, 20]  [6, 21]  [4, 14]  [9, 17]  [5, 19] 
 [7, 22]  [11, 27]  [1, 25]  [5, 29]  [12, 21]  [14, 23]  [16, 30]  [2, 28]  [4, 26]  [9, 20]  [13, 18]  [3, 24]  [8, 15]  [10, 19]  [6, 17] 
 [2, 21]  [5, 17]  [4, 22]  [15, 30]  [10, 18]  [16, 19]  [14, 20]  [3, 29]  [6, 13]  [8, 24]  [12, 25]  [1, 26]  [9, 27]  [11, 23]  [7, 28] 
 [6, 20]  [10, 26]  [7, 21]  [12, 16]  [5, 23]  [15, 29]  [13, 25]  [1, 27]  [8, 18]  [3, 19]  [9, 14]  [17, 30]  [11, 28]  [2, 22]  [4, 24] 
 [1, 28]  [2, 24]  [19, 26]  [14, 25]  [6, 22]  [8, 27]  [10, 17]  [7, 16]  [9, 15]  [13, 23]  [11, 21]  [4, 29]  [5, 18]  [12, 30]  [3, 20] 
 [4, 15]  [12, 20]  [8, 28]  [13, 21]  [17, 11]  [9, 22]  [3, 27]  [6, 25]  [5, 16]  [14, 30]  [10, 23]  [7, 19]  [2, 26]  [18, 24]  [1, 29] 
 [7, 18]  [14, 22]  [9, 24]  [11, 17]  [4, 27]  [5, 21]  [1, 30]  [8, 19]  [12, 23]  [16, 25]  [2, 29]  [3, 28]  [10, 15]  [13, 20]  [6, 26] 
------------------------------
