Totale travel distance: 97627
Games umpired door umpire1
	12,6	1,3	4,3	10,11	8,11	9,11	7,9	6,7	5,12	7,6	5,10	11,10	3,9	2,9	12,11	8,6	9,1	4,7	6,10	2,3	10,5	8,5	

Games umpired door umpire2
	1,2	9,10	11,8	3,5	6,4	7,5	11,1	4,9	10,8	2,10	12,4	2,5	6,11	3,1	1,6	9,7	8,4	5,9	4,2	11,12	3,6	10,1	

Games umpired door umpire3
	11,4	7,2	12,10	8,9	5,1	3,12	4,6	10,2	7,3	5,8	1,8	9,12	2,1	6,5	7,4	10,4	11,3	3,10	1,9	9,5	8,1	12,7	

Games umpired door umpire4
	5,3	12,8	7,1	2,7	10,9	6,2	12,5	8,3	1,4	3,11	9,6	4,1	4,5	7,8	8,10	12,3	10,6	6,12	5,11	1,7	2,4	11,9	

Games umpired door umpire5
	7,10	5,4	9,2	6,1	2,12	4,8	10,3	11,5	6,9	1,12	3,2	8,7	10,7	4,11	9,3	1,5	12,2	2,8	7,12	6,8	11,7	3,4	

Games umpired door umpire6
	9,8	11,6	5,6	4,12	3,7	1,10	8,2	12,1	2,11	9,4	7,11	6,3	8,12	10,12	5,2	11,2	5,7	1,11	3,8	4,10	12,9	2,6	

Solution Status from LocalSolver: Infeasible

Solution [travelDistance=97627, homeVisitViolations=0, consecutiveHomeVisitViolations=121, consecutiveTeamSeenViolations=240]
-1--2--3--4--5--6-
 [12, 6]  [1, 2]  [11, 4]  [5, 3]  [7, 10]  [9, 8] 
 [1, 3]  [9, 10]  [7, 2]  [12, 8]  [5, 4]  [11, 6] 
 [4, 3]  [11, 8]  [12, 10]  [7, 1]  [9, 2]  [5, 6] 
 [10, 11]  [3, 5]  [8, 9]  [2, 7]  [6, 1]  [4, 12] 
 [8, 11]  [6, 4]  [5, 1]  [10, 9]  [2, 12]  [3, 7] 
 [9, 11]  [7, 5]  [3, 12]  [6, 2]  [4, 8]  [1, 10] 
 [7, 9]  [11, 1]  [4, 6]  [12, 5]  [10, 3]  [8, 2] 
 [6, 7]  [4, 9]  [10, 2]  [8, 3]  [11, 5]  [12, 1] 
 [5, 12]  [10, 8]  [7, 3]  [1, 4]  [6, 9]  [2, 11] 
 [7, 6]  [2, 10]  [5, 8]  [3, 11]  [1, 12]  [9, 4] 
 [5, 10]  [12, 4]  [1, 8]  [9, 6]  [3, 2]  [7, 11] 
 [11, 10]  [2, 5]  [9, 12]  [4, 1]  [8, 7]  [6, 3] 
 [3, 9]  [6, 11]  [2, 1]  [4, 5]  [10, 7]  [8, 12] 
 [2, 9]  [3, 1]  [6, 5]  [7, 8]  [4, 11]  [10, 12] 
 [12, 11]  [1, 6]  [7, 4]  [8, 10]  [9, 3]  [5, 2] 
 [8, 6]  [9, 7]  [10, 4]  [12, 3]  [1, 5]  [11, 2] 
 [9, 1]  [8, 4]  [11, 3]  [10, 6]  [12, 2]  [5, 7] 
 [4, 7]  [5, 9]  [3, 10]  [6, 12]  [2, 8]  [1, 11] 
 [6, 10]  [4, 2]  [1, 9]  [5, 11]  [7, 12]  [3, 8] 
 [2, 3]  [11, 12]  [9, 5]  [1, 7]  [6, 8]  [4, 10] 
 [10, 5]  [3, 6]  [8, 1]  [2, 4]  [11, 7]  [12, 9] 
 [8, 5]  [10, 1]  [12, 7]  [11, 9]  [3, 4]  [2, 6] 
------------
