Totale travel distance: 95557
Games umpired door umpire1
	7,10	5,4	9,2	10,11	8,11	3,12	12,5	4,9	1,4	2,10	7,11	6,3	8,12	3,1	5,2	11,2	10,6	4,7	3,8	9,5	8,1	2,6	

Games umpired door umpire2
	9,8	1,3	5,6	2,7	6,4	9,11	11,1	8,3	10,8	7,6	12,4	2,5	3,9	7,8	1,6	10,4	12,2	5,9	4,2	6,8	11,7	10,1	

Games umpired door umpire3
	1,2	11,6	12,10	8,9	3,7	7,5	4,6	10,2	5,12	3,11	9,6	4,1	2,1	10,12	8,10	9,7	11,3	1,11	6,10	1,7	12,9	3,4	

Games umpired door umpire4
	12,6	7,2	11,8	4,12	5,1	1,10	7,9	6,7	2,11	5,8	1,8	9,12	10,7	4,11	12,11	8,6	5,7	3,10	1,9	11,12	2,4	8,5	

Games umpired door umpire5
	11,4	12,8	4,3	3,5	10,9	6,2	8,2	12,1	7,3	9,4	5,10	11,10	6,11	2,9	9,3	1,5	8,4	6,12	7,12	2,3	10,5	11,9	

Games umpired door umpire6
	5,3	9,10	7,1	6,1	2,12	4,8	10,3	11,5	6,9	1,12	3,2	8,7	4,5	6,5	7,4	12,3	9,1	2,8	5,11	4,10	3,6	12,7	

Solution Status from LocalSolver: Infeasible

Solution [travelDistance=95557, homeVisitViolations=0, consecutiveHomeVisitViolations=111, consecutiveTeamSeenViolations=127]
-1--2--3--4--5--6-
 [7, 10]  [9, 8]  [1, 2]  [12, 6]  [11, 4]  [5, 3] 
 [5, 4]  [1, 3]  [11, 6]  [7, 2]  [12, 8]  [9, 10] 
 [9, 2]  [5, 6]  [12, 10]  [11, 8]  [4, 3]  [7, 1] 
 [10, 11]  [2, 7]  [8, 9]  [4, 12]  [3, 5]  [6, 1] 
 [8, 11]  [6, 4]  [3, 7]  [5, 1]  [10, 9]  [2, 12] 
 [3, 12]  [9, 11]  [7, 5]  [1, 10]  [6, 2]  [4, 8] 
 [12, 5]  [11, 1]  [4, 6]  [7, 9]  [8, 2]  [10, 3] 
 [4, 9]  [8, 3]  [10, 2]  [6, 7]  [12, 1]  [11, 5] 
 [1, 4]  [10, 8]  [5, 12]  [2, 11]  [7, 3]  [6, 9] 
 [2, 10]  [7, 6]  [3, 11]  [5, 8]  [9, 4]  [1, 12] 
 [7, 11]  [12, 4]  [9, 6]  [1, 8]  [5, 10]  [3, 2] 
 [6, 3]  [2, 5]  [4, 1]  [9, 12]  [11, 10]  [8, 7] 
 [8, 12]  [3, 9]  [2, 1]  [10, 7]  [6, 11]  [4, 5] 
 [3, 1]  [7, 8]  [10, 12]  [4, 11]  [2, 9]  [6, 5] 
 [5, 2]  [1, 6]  [8, 10]  [12, 11]  [9, 3]  [7, 4] 
 [11, 2]  [10, 4]  [9, 7]  [8, 6]  [1, 5]  [12, 3] 
 [10, 6]  [12, 2]  [11, 3]  [5, 7]  [8, 4]  [9, 1] 
 [4, 7]  [5, 9]  [1, 11]  [3, 10]  [6, 12]  [2, 8] 
 [3, 8]  [4, 2]  [6, 10]  [1, 9]  [7, 12]  [5, 11] 
 [9, 5]  [6, 8]  [1, 7]  [11, 12]  [2, 3]  [4, 10] 
 [8, 1]  [11, 7]  [12, 9]  [2, 4]  [10, 5]  [3, 6] 
 [2, 6]  [10, 1]  [3, 4]  [8, 5]  [11, 9]  [12, 7] 
------------
