Totale travel distance: 529813
Games umpired door umpire1
	24,7	21,11	27,6	18,4	16,9	29,13	15,5	28,22	27,18	26,8	25,19	30,9	23,13	21,15	24,20	22,4	30,16	14,2	15,9	11,1	27,13	7,4	25,18	6,3	5,2	27,16	30,19	25,15	11,13	9,10	12,14	28,26	2,3	19,25	4,10	20,22	1,9	3,7	23,27	21,24	6,8	15,20	18,30	13,27	16,21	8,11	6,29	1,20	7,30	9,25	13,24	11,22	2,28	10,18	17,30	4,29	7,19	6,26	

Games umpired door umpire2
	21,10	23,9	16,4	29,8	18,7	30,11	21,17	23,1	20,10	28,15	26,4	25,14	27,12	19,9	15,17	24,10	29,20	16,5	13,2	17,7	8,3	9,1	23,20	22,14	29,21	15,7	11,12	30,28	5,3	21,16	24,27	22,23	13,10	12,15	18,19	24,30	17,29	4,11	5,7	9,26	21,28	8,30	6,10	5,11	4,12	7,20	1,19	3,25	10,28	15,26	14,29	16,27	13,18	2,21	10,26	12,30	5,16	9,24	

Games umpired door umpire3
	20,11	17,15	19,14	25,10	21,4	20,6	11,8	30,5	22,1	24,16	23,6	20,2	8,5	30,12	29,11	16,3	14,1	28,21	26,18	10,5	25,20	19,16	8,1	17,13	7,3	6,2	18,21	12,11	26,22	27,28	10,13	25,24	21,23	5,8	1,7	4,6	11,30	18,23	13,17	15,19	16,24	21,25	5,20	22,29	23,30	12,27	9,21	5,28	11,19	10,20	2,27	18,29	3,24	4,22	7,21	19,26	6,25	2,29	

Games umpired door umpire4
	29,2	22,10	24,9	23,12	17,8	27,3	25,2	26,19	28,5	12,6	18,9	16,11	14,3	26,13	19,22	17,2	23,11	30,18	27,21	25,26	9,2	20,17	4,5	7,1	24,25	29,28	15,13	9,8	21,18	30,24	1,3	19,15	4,7	17,26	6,12	5,10	8,14	22,27	24,26	11,25	2,12	3,10	17,27	1,16	20,24	4,21	10,30	12,26	13,22	14,27	11,20	8,23	5,29	6,13	2,22	10,17	18,24	12,23	

Games umpired door umpire5
	25,6	27,5	26,7	28,2	30,10	18,8	27,22	25,3	26,17	11,9	13,12	29,4	16,7	14,8	18,3	23,21	24,6	22,7	11,5	30,27	26,16	10,6	24,14	15,12	18,11	30,26	4,1	20,27	7,8	11,14	30,29	3,5	17,18	7,10	20,23	1,8	21,27	5,15	19,30	7,29	4,9	11,26	2,14	12,19	8,22	17,25	3,18	7,27	4,20	1,22	5,30	9,17	8,15	3,29	6,20	1,28	2,26	10,15	

Games umpired door umpire6
	17,14	20,12	25,8	24,11	19,6	23,4	26,3	27,9	15,14	18,17	29,16	13,7	28,6	27,11	21,9	15,1	18,10	17,4	24,19	22,20	30,21	11,3	26,15	10,4	28,17	12,8	16,14	29,24	15,10	5,6	25,23	27,30	28,24	14,18	15,21	26,29	2,10	9,12	22,28	18,27	5,14	16,29	8,25	3,17	6,28	10,22	2,23	13,11	14,26	18,28	12,10	6,21	7,22	8,24	9,14	5,18	4,15	1,30	

Games umpired door umpire7
	27,4	26,6	28,1	30,7	24,13	22,12	29,14	15,16	11,4	30,20	21,2	22,6	18,1	28,10	27,25	19,5	17,12	20,9	22,8	13,4	14,6	29,15	30,17	27,26	23,22	5,1	9,6	18,16	28,27	25,22	2,5	10,12	6,9	27,29	25,28	3,21	23,26	8,16	1,11	4,28	19,29	12,24	16,22	18,26	14,11	13,28	15,27	10,24	9,16	5,12	4,18	7,26	11,27	15,30	12,16	14,25	13,21	11,17	

Games umpired door umpire8
	16,15	29,1	22,11	21,14	20,5	17,9	13,6	29,18	23,2	25,4	20,1	26,10	30,15	18,2	28,12	27,7	22,5	13,1	29,23	14,9	28,18	27,24	7,2	20,21	19,10	23,25	24,28	22,17	14,16	29,26	21,20	6,11	1,5	9,13	14,17	16,18	3,6	25,29	2,15	20,30	7,23	17,28	4,13	10,21	2,25	15,23	12,22	9,30	8,17	3,16	6,15	5,19	9,20	12,25	11,28	2,24	10,23	7,18	

Games umpired door umpire9
	18,13	30,3	21,12	26,9	27,2	25,1	19,18	17,20	24,3	22,2	27,14	28,8	26,11	24,4	23,5	29,9	13,3	15,6	28,16	12,2	10,1	26,21	11,6	29,19	16,13	22,18	27,17	26,23	12,9	1,2	4,8	17,16	20,19	3,11	5,9	25,27	7,12	20,28	8,6	5,22	10,27	2,13	1,15	7,14	9,18	5,26	8,13	4,19	1,21	7,17	3,22	13,30	14,23	16,19	8,18	6,22	1,29	3,28	

Games umpired door umpire10
	28,3	18,14	30,2	16,6	22,15	21,5	24,1	13,8	29,12	14,10	28,7	27,15	19,2	17,1	8,4	25,11	28,9	26,24	17,6	19,8	12,5	30,22	9,3	24,18	15,8	19,21	7,5	4,2	25,17	23,15	22,19	21,29	8,12	28,30	2,11	7,13	20,16	17,19	3,9	6,14	1,13	4,23	11,29	2,30	7,15	3,14	5,24	8,29	6,27	4,30	1,23	2,20	10,19	9,27	15,29	13,23	12,20	14,22	

Games umpired door umpire11
	26,5	28,4	18,15	27,1	29,3	16,10	28,20	12,4	30,6	29,7	15,11	18,5	25,9	20,3	10,2	26,12	21,7	29,25	14,4	15,3	23,19	8,2	21,13	9,5	6,1	20,14	8,10	21,19	24,23	3,4	15,18	13,14	29,27	16,20	22,30	23,28	5,4	13,26	12,18	2,8	3,30	1,14	7,24	4,25	19,27	6,30	14,28	16,23	12,29	2,19	17,21	4,14	1,25	7,28	5,23	11,21	14,30	16,25	

Games umpired door umpire12
	22,9	24,8	23,10	19,3	26,1	28,14	12,7	11,10	25,16	27,19	30,8	21,3	24,17	29,6	16,1	30,14	15,2	19,11	20,7	23,18	29,17	14,5	16,12	28,25	26,30	10,11	23,29	3,1	6,4	19,17	26,28	2,7	25,30	1,6	13,16	14,19	22,24	21,30	20,29	3,13	15,25	18,22	21,26	9,23	1,17	19,24	7,11	15,22	5,25	6,23	8,26	12,28	16,30	14,20	13,25	9,15	17,11	4,27	

Games umpired door umpire13
	30,1	16,2	29,5	22,13	25,12	19,7	23,16	24,2	21,8	13,5	22,3	19,1	20,4	23,7	26,14	28,13	27,8	12,3	30,25	24,21	15,4	28,23	29,22	16,8	14,12	13,9	3,2	6,5	19,20	8,7	9,11	1,4	22,26	23,24	3,8	11,15	18,25	2,6	10,14	1,12	17,22	7,9	19,23	8,20	10,29	2,16	4,17	6,18	3,23	8,21	7,25	1,24	4,26	5,17	3,19	8,27	9,22	13,20	

Games umpired door umpire14
	23,8	19,13	17,3	20,15	28,11	26,2	10,9	14,7	13,19	21,1	24,5	23,17	29,10	22,16	30,13	18,6	26,25	10,8	12,1	28,29	11,7	25,13	27,10	30,23	9,4	17,24	26,20	10,7	2,1	12,13	16,17	18,20	14,15	21,22	24,29	2,9	19,28	1,10	4,16	17,23	20,26	6,19	3,12	15,28	5,13	9,29	16,26	14,21	2,18	11,24	9,19	3,15	6,17	1,26	4,24	7,16	3,27	8,19	

Games umpired door umpire15
	19,12	25,7	20,13	17,5	23,14	24,15	30,4	21,6	9,7	23,3	17,10	24,12	22,21	25,5	7,6	20,8	19,4	27,23	10,3	6,16	24,22	18,12	28,19	11,2	27,20	4,3	22,25	14,13	29,30	20,18	6,7	8,9	11,16	2,4	26,27	12,17	13,15	14,24	25,21	10,16	11,18	5,27	9,28	6,24	3,26	1,18	20,25	2,17	15,24	13,29	16,28	10,25	12,21	11,23	1,27	3,20	8,28	5,21	

Solution Status from LocalSolver: Feasible

Solution [travelDistance=529813, homeVisitViolations=0, consecutiveHomeVisitViolations=0, consecutiveTeamSeenViolations=0]
-1--2--3--4--5--6--7--8--9--10--11--12--13--14--15-
 [24, 7]  [21, 10]  [20, 11]  [29, 2]  [25, 6]  [17, 14]  [27, 4]  [16, 15]  [18, 13]  [28, 3]  [26, 5]  [22, 9]  [30, 1]  [23, 8]  [19, 12] 
 [21, 11]  [23, 9]  [17, 15]  [22, 10]  [27, 5]  [20, 12]  [26, 6]  [29, 1]  [30, 3]  [18, 14]  [28, 4]  [24, 8]  [16, 2]  [19, 13]  [25, 7] 
 [27, 6]  [16, 4]  [19, 14]  [24, 9]  [26, 7]  [25, 8]  [28, 1]  [22, 11]  [21, 12]  [30, 2]  [18, 15]  [23, 10]  [29, 5]  [17, 3]  [20, 13] 
 [18, 4]  [29, 8]  [25, 10]  [23, 12]  [28, 2]  [24, 11]  [30, 7]  [21, 14]  [26, 9]  [16, 6]  [27, 1]  [19, 3]  [22, 13]  [20, 15]  [17, 5] 
 [16, 9]  [18, 7]  [21, 4]  [17, 8]  [30, 10]  [19, 6]  [24, 13]  [20, 5]  [27, 2]  [22, 15]  [29, 3]  [26, 1]  [25, 12]  [28, 11]  [23, 14] 
 [29, 13]  [30, 11]  [20, 6]  [27, 3]  [18, 8]  [23, 4]  [22, 12]  [17, 9]  [25, 1]  [21, 5]  [16, 10]  [28, 14]  [19, 7]  [26, 2]  [24, 15] 
 [15, 5]  [21, 17]  [11, 8]  [25, 2]  [27, 22]  [26, 3]  [29, 14]  [13, 6]  [19, 18]  [24, 1]  [28, 20]  [12, 7]  [23, 16]  [10, 9]  [30, 4] 
 [28, 22]  [23, 1]  [30, 5]  [26, 19]  [25, 3]  [27, 9]  [15, 16]  [29, 18]  [17, 20]  [13, 8]  [12, 4]  [11, 10]  [24, 2]  [14, 7]  [21, 6] 
 [27, 18]  [20, 10]  [22, 1]  [28, 5]  [26, 17]  [15, 14]  [11, 4]  [23, 2]  [24, 3]  [29, 12]  [30, 6]  [25, 16]  [21, 8]  [13, 19]  [9, 7] 
 [26, 8]  [28, 15]  [24, 16]  [12, 6]  [11, 9]  [18, 17]  [30, 20]  [25, 4]  [22, 2]  [14, 10]  [29, 7]  [27, 19]  [13, 5]  [21, 1]  [23, 3] 
 [25, 19]  [26, 4]  [23, 6]  [18, 9]  [13, 12]  [29, 16]  [21, 2]  [20, 1]  [27, 14]  [28, 7]  [15, 11]  [30, 8]  [22, 3]  [24, 5]  [17, 10] 
 [30, 9]  [25, 14]  [20, 2]  [16, 11]  [29, 4]  [13, 7]  [22, 6]  [26, 10]  [28, 8]  [27, 15]  [18, 5]  [21, 3]  [19, 1]  [23, 17]  [24, 12] 
 [23, 13]  [27, 12]  [8, 5]  [14, 3]  [16, 7]  [28, 6]  [18, 1]  [30, 15]  [26, 11]  [19, 2]  [25, 9]  [24, 17]  [20, 4]  [29, 10]  [22, 21] 
 [21, 15]  [19, 9]  [30, 12]  [26, 13]  [14, 8]  [27, 11]  [28, 10]  [18, 2]  [24, 4]  [17, 1]  [20, 3]  [29, 6]  [23, 7]  [22, 16]  [25, 5] 
 [24, 20]  [15, 17]  [29, 11]  [19, 22]  [18, 3]  [21, 9]  [27, 25]  [28, 12]  [23, 5]  [8, 4]  [10, 2]  [16, 1]  [26, 14]  [30, 13]  [7, 6] 
 [22, 4]  [24, 10]  [16, 3]  [17, 2]  [23, 21]  [15, 1]  [19, 5]  [27, 7]  [29, 9]  [25, 11]  [26, 12]  [30, 14]  [28, 13]  [18, 6]  [20, 8] 
 [30, 16]  [29, 20]  [14, 1]  [23, 11]  [24, 6]  [18, 10]  [17, 12]  [22, 5]  [13, 3]  [28, 9]  [21, 7]  [15, 2]  [27, 8]  [26, 25]  [19, 4] 
 [14, 2]  [16, 5]  [28, 21]  [30, 18]  [22, 7]  [17, 4]  [20, 9]  [13, 1]  [15, 6]  [26, 24]  [29, 25]  [19, 11]  [12, 3]  [10, 8]  [27, 23] 
 [15, 9]  [13, 2]  [26, 18]  [27, 21]  [11, 5]  [24, 19]  [22, 8]  [29, 23]  [28, 16]  [17, 6]  [14, 4]  [20, 7]  [30, 25]  [12, 1]  [10, 3] 
 [11, 1]  [17, 7]  [10, 5]  [25, 26]  [30, 27]  [22, 20]  [13, 4]  [14, 9]  [12, 2]  [19, 8]  [15, 3]  [23, 18]  [24, 21]  [28, 29]  [6, 16] 
 [27, 13]  [8, 3]  [25, 20]  [9, 2]  [26, 16]  [30, 21]  [14, 6]  [28, 18]  [10, 1]  [12, 5]  [23, 19]  [29, 17]  [15, 4]  [11, 7]  [24, 22] 
 [7, 4]  [9, 1]  [19, 16]  [20, 17]  [10, 6]  [11, 3]  [29, 15]  [27, 24]  [26, 21]  [30, 22]  [8, 2]  [14, 5]  [28, 23]  [25, 13]  [18, 12] 
 [25, 18]  [23, 20]  [8, 1]  [4, 5]  [24, 14]  [26, 15]  [30, 17]  [7, 2]  [11, 6]  [9, 3]  [21, 13]  [16, 12]  [29, 22]  [27, 10]  [28, 19] 
 [6, 3]  [22, 14]  [17, 13]  [7, 1]  [15, 12]  [10, 4]  [27, 26]  [20, 21]  [29, 19]  [24, 18]  [9, 5]  [28, 25]  [16, 8]  [30, 23]  [11, 2] 
 [5, 2]  [29, 21]  [7, 3]  [24, 25]  [18, 11]  [28, 17]  [23, 22]  [19, 10]  [16, 13]  [15, 8]  [6, 1]  [26, 30]  [14, 12]  [9, 4]  [27, 20] 
 [27, 16]  [15, 7]  [6, 2]  [29, 28]  [30, 26]  [12, 8]  [5, 1]  [23, 25]  [22, 18]  [19, 21]  [20, 14]  [10, 11]  [13, 9]  [17, 24]  [4, 3] 
 [30, 19]  [11, 12]  [18, 21]  [15, 13]  [4, 1]  [16, 14]  [9, 6]  [24, 28]  [27, 17]  [7, 5]  [8, 10]  [23, 29]  [3, 2]  [26, 20]  [22, 25] 
 [25, 15]  [30, 28]  [12, 11]  [9, 8]  [20, 27]  [29, 24]  [18, 16]  [22, 17]  [26, 23]  [4, 2]  [21, 19]  [3, 1]  [6, 5]  [10, 7]  [14, 13] 
 [11, 13]  [5, 3]  [26, 22]  [21, 18]  [7, 8]  [15, 10]  [28, 27]  [14, 16]  [12, 9]  [25, 17]  [24, 23]  [6, 4]  [19, 20]  [2, 1]  [29, 30] 
 [9, 10]  [21, 16]  [27, 28]  [30, 24]  [11, 14]  [5, 6]  [25, 22]  [29, 26]  [1, 2]  [23, 15]  [3, 4]  [19, 17]  [8, 7]  [12, 13]  [20, 18] 
 [12, 14]  [24, 27]  [10, 13]  [1, 3]  [30, 29]  [25, 23]  [2, 5]  [21, 20]  [4, 8]  [22, 19]  [15, 18]  [26, 28]  [9, 11]  [16, 17]  [6, 7] 
 [28, 26]  [22, 23]  [25, 24]  [19, 15]  [3, 5]  [27, 30]  [10, 12]  [6, 11]  [17, 16]  [21, 29]  [13, 14]  [2, 7]  [1, 4]  [18, 20]  [8, 9] 
 [2, 3]  [13, 10]  [21, 23]  [4, 7]  [17, 18]  [28, 24]  [6, 9]  [1, 5]  [20, 19]  [8, 12]  [29, 27]  [25, 30]  [22, 26]  [14, 15]  [11, 16] 
 [19, 25]  [12, 15]  [5, 8]  [17, 26]  [7, 10]  [14, 18]  [27, 29]  [9, 13]  [3, 11]  [28, 30]  [16, 20]  [1, 6]  [23, 24]  [21, 22]  [2, 4] 
 [4, 10]  [18, 19]  [1, 7]  [6, 12]  [20, 23]  [15, 21]  [25, 28]  [14, 17]  [5, 9]  [2, 11]  [22, 30]  [13, 16]  [3, 8]  [24, 29]  [26, 27] 
 [20, 22]  [24, 30]  [4, 6]  [5, 10]  [1, 8]  [26, 29]  [3, 21]  [16, 18]  [25, 27]  [7, 13]  [23, 28]  [14, 19]  [11, 15]  [2, 9]  [12, 17] 
 [1, 9]  [17, 29]  [11, 30]  [8, 14]  [21, 27]  [2, 10]  [23, 26]  [3, 6]  [7, 12]  [20, 16]  [5, 4]  [22, 24]  [18, 25]  [19, 28]  [13, 15] 
 [3, 7]  [4, 11]  [18, 23]  [22, 27]  [5, 15]  [9, 12]  [8, 16]  [25, 29]  [20, 28]  [17, 19]  [13, 26]  [21, 30]  [2, 6]  [1, 10]  [14, 24] 
 [23, 27]  [5, 7]  [13, 17]  [24, 26]  [19, 30]  [22, 28]  [1, 11]  [2, 15]  [8, 6]  [3, 9]  [12, 18]  [20, 29]  [10, 14]  [4, 16]  [25, 21] 
 [21, 24]  [9, 26]  [15, 19]  [11, 25]  [7, 29]  [18, 27]  [4, 28]  [20, 30]  [5, 22]  [6, 14]  [2, 8]  [3, 13]  [1, 12]  [17, 23]  [10, 16] 
 [6, 8]  [21, 28]  [16, 24]  [2, 12]  [4, 9]  [5, 14]  [19, 29]  [7, 23]  [10, 27]  [1, 13]  [3, 30]  [15, 25]  [17, 22]  [20, 26]  [11, 18] 
 [15, 20]  [8, 30]  [21, 25]  [3, 10]  [11, 26]  [16, 29]  [12, 24]  [17, 28]  [2, 13]  [4, 23]  [1, 14]  [18, 22]  [7, 9]  [6, 19]  [5, 27] 
 [18, 30]  [6, 10]  [5, 20]  [17, 27]  [2, 14]  [8, 25]  [16, 22]  [4, 13]  [1, 15]  [11, 29]  [7, 24]  [21, 26]  [19, 23]  [3, 12]  [9, 28] 
 [13, 27]  [5, 11]  [22, 29]  [1, 16]  [12, 19]  [3, 17]  [18, 26]  [10, 21]  [7, 14]  [2, 30]  [4, 25]  [9, 23]  [8, 20]  [15, 28]  [6, 24] 
 [16, 21]  [4, 12]  [23, 30]  [20, 24]  [8, 22]  [6, 28]  [14, 11]  [2, 25]  [9, 18]  [7, 15]  [19, 27]  [1, 17]  [10, 29]  [5, 13]  [3, 26] 
 [8, 11]  [7, 20]  [12, 27]  [4, 21]  [17, 25]  [10, 22]  [13, 28]  [15, 23]  [5, 26]  [3, 14]  [6, 30]  [19, 24]  [2, 16]  [9, 29]  [1, 18] 
 [6, 29]  [1, 19]  [9, 21]  [10, 30]  [3, 18]  [2, 23]  [15, 27]  [12, 22]  [8, 13]  [5, 24]  [14, 28]  [7, 11]  [4, 17]  [16, 26]  [20, 25] 
 [1, 20]  [3, 25]  [5, 28]  [12, 26]  [7, 27]  [13, 11]  [10, 24]  [9, 30]  [4, 19]  [8, 29]  [16, 23]  [15, 22]  [6, 18]  [14, 21]  [2, 17] 
 [7, 30]  [10, 28]  [11, 19]  [13, 22]  [4, 20]  [14, 26]  [9, 16]  [8, 17]  [1, 21]  [6, 27]  [12, 29]  [5, 25]  [3, 23]  [2, 18]  [15, 24] 
 [9, 25]  [15, 26]  [10, 20]  [14, 27]  [1, 22]  [18, 28]  [5, 12]  [3, 16]  [7, 17]  [4, 30]  [2, 19]  [6, 23]  [8, 21]  [11, 24]  [13, 29] 
 [13, 24]  [14, 29]  [2, 27]  [11, 20]  [5, 30]  [12, 10]  [4, 18]  [6, 15]  [3, 22]  [1, 23]  [17, 21]  [8, 26]  [7, 25]  [9, 19]  [16, 28] 
 [11, 22]  [16, 27]  [18, 29]  [8, 23]  [9, 17]  [6, 21]  [7, 26]  [5, 19]  [13, 30]  [2, 20]  [4, 14]  [12, 28]  [1, 24]  [3, 15]  [10, 25] 
 [2, 28]  [13, 18]  [3, 24]  [5, 29]  [8, 15]  [7, 22]  [11, 27]  [9, 20]  [14, 23]  [10, 19]  [1, 25]  [16, 30]  [4, 26]  [6, 17]  [12, 21] 
 [10, 18]  [2, 21]  [4, 22]  [6, 13]  [3, 29]  [8, 24]  [15, 30]  [12, 25]  [16, 19]  [9, 27]  [7, 28]  [14, 20]  [5, 17]  [1, 26]  [11, 23] 
 [17, 30]  [10, 26]  [7, 21]  [2, 22]  [6, 20]  [9, 14]  [12, 16]  [11, 28]  [8, 18]  [15, 29]  [5, 23]  [13, 25]  [3, 19]  [4, 24]  [1, 27] 
 [4, 29]  [12, 30]  [19, 26]  [10, 17]  [1, 28]  [5, 18]  [14, 25]  [2, 24]  [6, 22]  [13, 23]  [11, 21]  [9, 15]  [8, 27]  [7, 16]  [3, 20] 
 [7, 19]  [5, 16]  [6, 25]  [18, 24]  [2, 26]  [4, 15]  [13, 21]  [10, 23]  [1, 29]  [12, 20]  [14, 30]  [17, 11]  [9, 22]  [3, 27]  [8, 28] 
 [6, 26]  [9, 24]  [2, 29]  [12, 23]  [10, 15]  [1, 30]  [11, 17]  [7, 18]  [3, 28]  [14, 22]  [16, 25]  [4, 27]  [13, 20]  [8, 19]  [5, 21] 
------------------------------
