Totale travel distance: 534592
Games umpired door umpire1
	28,3	26,6	18,15	29,8	16,9	25,1	30,4	21,6	24,3	22,2	17,10	19,1	27,12	25,5	8,4	23,21	24,6	22,7	15,9	13,4	29,17	14,5	23,20	7,1	9,4	6,2	24,28	22,17	15,10	12,13	30,29	18,20	22,26	23,24	4,10	1,8	3,6	21,30	24,26	5,22	10,27	2,13	11,29	15,28	20,24	4,21	1,19	2,17	10,28	3,16	8,26	5,19	9,20	12,25	2,22	10,17	1,29	7,18	

Games umpired door umpire2
	29,2	18,14	28,1	30,7	21,4	24,15	29,14	13,8	9,7	25,4	20,1	23,17	8,5	22,16	18,3	15,1	26,25	17,4	29,23	14,9	11,7	30,22	28,19	27,26	29,21	13,9	16,14	12,11	28,27	19,17	2,5	25,24	21,23	9,13	6,12	20,22	17,29	4,11	5,7	18,27	15,25	16,29	3,12	9,23	5,13	8,11	10,30	12,26	15,24	14,27	16,28	13,30	5,29	11,23	9,14	7,16	4,15	1,30	

Games umpired door umpire3
	21,10	30,3	25,8	20,15	19,6	21,5	27,22	25,3	20,10	24,16	15,11	30,9	19,2	20,3	26,14	25,11	21,7	15,6	13,2	23,18	26,16	11,3	24,14	9,5	28,17	12,8	18,21	29,24	14,16	27,28	25,23	19,15	4,7	3,11	5,9	25,27	19,28	14,24	12,18	17,23	1,13	3,10	8,25	22,29	14,11	13,28	9,21	10,24	2,18	7,17	6,15	12,28	16,30	14,20	1,27	4,29	7,19	6,26	

Games umpired door umpire4
	16,15	29,1	21,12	22,13	23,14	19,7	25,2	11,10	27,18	28,15	26,4	25,14	22,21	19,9	30,13	18,6	29,20	16,5	14,4	15,3	24,22	8,2	11,6	10,4	26,30	19,21	3,2	6,5	7,8	20,18	9,11	17,16	1,5	7,10	20,23	3,21	22,24	13,26	1,11	4,28	6,8	15,20	21,26	3,17	23,30	19,24	20,25	7,27	1,21	5,12	3,22	8,23	2,28	10,18	12,16	14,25	13,21	9,24	

Games umpired door umpire5
	25,6	27,5	30,2	21,14	24,13	23,4	11,8	27,9	25,16	12,6	28,7	26,10	20,4	17,1	27,25	28,13	18,10	19,11	20,7	6,16	8,3	9,1	30,17	15,12	16,13	29,28	22,25	21,19	24,23	9,10	1,3	6,11	8,12	21,22	13,16	14,19	18,25	5,15	8,6	3,13	7,23	17,28	1,15	4,25	3,26	7,20	8,13	9,30	5,25	15,26	14,29	16,27	13,18	2,21	10,26	12,30	6,25	3,28	

Games umpired door umpire6
	20,11	17,15	24,9	16,6	29,3	30,11	19,18	17,20	23,2	29,7	13,12	16,11	14,3	21,15	7,6	19,5	30,16	13,1	22,8	17,7	9,2	27,24	26,15	28,25	19,10	4,3	7,5	20,27	26,22	11,14	15,18	10,12	28,24	2,4	26,27	7,13	1,9	25,29	2,15	10,16	3,30	6,19	5,20	18,26	16,21	12,27	2,23	3,25	4,20	1,22	17,21	7,26	11,27	3,29	8,18	6,22	5,16	12,23	

Games umpired door umpire7
	17,14	19,13	23,10	27,1	25,12	26,2	28,20	30,5	13,19	14,10	29,16	22,6	24,17	23,7	21,9	30,14	15,2	12,3	11,5	25,26	28,18	10,6	7,2	20,21	23,22	17,24	8,10	3,1	21,18	29,26	16,17	13,14	2,3	19,25	1,7	4,6	23,26	9,12	13,17	15,19	16,24	18,22	2,14	10,21	6,28	5,26	3,18	8,29	9,16	4,30	1,23	2,20	10,19	7,28	4,24	5,18	3,27	8,19	

Games umpired door umpire8
	22,9	24,8	29,5	18,4	28,11	16,10	26,3	24,2	22,1	13,5	18,9	28,8	26,11	30,12	24,20	22,4	13,3	14,2	30,25	24,21	23,19	20,17	4,5	22,14	24,25	27,16	11,12	26,23	2,1	3,4	6,7	8,9	25,30	12,15	14,17	16,18	21,27	20,28	19,30	2,8	17,22	1,14	4,13	6,24	9,18	15,23	16,26	14,21	13,22	11,24	5,30	10,25	8,15	6,13	7,21	1,28	17,11	4,27	

Games umpired door umpire9
	19,12	23,9	20,13	17,5	18,7	28,14	10,9	26,19	11,4	21,1	22,3	24,12	30,15	14,8	16,1	29,9	22,5	26,24	10,3	12,2	14,6	29,15	21,13	24,18	27,20	5,1	23,29	9,8	6,4	25,22	10,13	27,30	11,16	5,8	25,28	26,29	2,10	17,19	3,9	11,25	21,28	5,27	7,24	8,20	10,29	2,16	12,22	4,19	6,27	8,21	7,25	1,24	4,26	9,27	15,29	13,23	18,24	11,17	

Games umpired door umpire10
	23,8	21,11	27,6	28,2	30,10	22,12	21,17	23,1	28,5	26,8	25,19	20,2	23,13	27,11	28,12	16,3	14,1	29,25	24,19	30,27	15,4	28,23	16,12	29,19	18,11	30,26	15,13	10,7	25,17	1,2	4,8	3,5	20,19	17,26	22,30	11,15	5,4	8,16	20,29	6,14	2,12	21,25	9,28	5,11	8,22	3,14	4,17	1,20	7,30	6,23	13,24	18,29	12,21	15,30	11,28	19,26	10,23	2,29	

Games umpired door umpire11
	30,1	28,4	26,7	19,3	20,5	17,9	24,1	15,16	21,8	27,19	23,6	29,4	18,1	28,10	19,22	17,2	23,11	30,18	27,21	28,29	10,1	19,16	25,18	17,13	7,3	20,14	4,1	25,15	11,13	30,24	12,14	28,26	29,27	16,20	15,21	12,17	11,30	18,23	22,28	21,24	5,14	11,26	18,30	12,19	2,25	10,22	14,28	16,23	12,29	2,19	4,18	6,21	3,24	1,26	17,30	8,27	9,22	13,20	

Games umpired door umpire12
	26,5	25,7	17,3	24,11	22,15	29,13	23,16	12,4	30,6	11,9	27,14	18,5	16,7	29,6	15,17	24,10	27,8	28,21	26,18	11,1	12,5	25,13	27,10	30,23	15,8	22,18	9,6	4,2	19,20	23,15	24,27	21,29	17,18	1,6	3,8	24,30	13,15	22,27	25,21	7,29	20,26	4,23	6,10	2,30	19,27	17,25	7,11	6,18	3,23	10,20	2,27	11,22	6,17	8,24	5,23	9,15	12,20	14,22	

Games umpired door umpire13
	27,4	20,12	19,14	25,10	26,1	27,3	13,6	29,18	15,14	30,20	21,2	13,7	29,10	24,4	23,5	26,12	28,9	10,8	17,6	22,20	30,21	18,12	8,1	6,3	5,2	10,11	26,20	14,13	29,30	21,16	22,19	1,4	6,9	27,29	2,11	5,10	8,14	3,7	23,27	9,26	11,18	12,24	16,22	13,27	7,15	1,18	6,29	5,28	8,17	9,25	11,20	4,14	7,22	5,17	3,19	2,24	14,30	16,25	

Games umpired door umpire14
	24,7	22,10	16,4	26,9	27,2	18,8	12,7	28,22	26,17	23,3	24,5	27,15	28,6	18,2	29,11	20,8	19,4	27,23	12,1	10,5	25,20	7,4	29,22	16,8	14,12	23,25	27,17	30,28	5,3	8,7	21,20	22,23	14,15	28,30	18,19	2,9	7,12	1,10	4,16	20,30	19,29	7,9	17,27	1,16	4,12	6,30	5,24	15,22	11,19	13,29	12,10	9,17	14,23	16,19	13,25	3,20	8,28	5,21	

Games umpired door umpire15
	18,13	16,2	22,11	23,12	17,8	20,6	15,5	14,7	29,12	18,17	30,8	21,3	25,9	26,13	10,2	27,7	17,12	20,9	28,16	19,8	27,13	26,21	9,3	11,2	6,1	15,7	30,19	18,16	12,9	5,6	26,28	2,7	13,10	14,18	24,29	23,28	20,16	2,6	10,14	1,12	4,9	8,30	19,23	7,14	1,17	9,29	15,27	13,11	14,26	18,28	9,19	3,15	1,25	4,22	6,20	11,21	2,26	10,15	

Solution Status from LocalSolver: Feasible

Solution [travelDistance=534592, homeVisitViolations=0, consecutiveHomeVisitViolations=0, consecutiveTeamSeenViolations=0]
-1--2--3--4--5--6--7--8--9--10--11--12--13--14--15-
 [28, 3]  [29, 2]  [21, 10]  [16, 15]  [25, 6]  [20, 11]  [17, 14]  [22, 9]  [19, 12]  [23, 8]  [30, 1]  [26, 5]  [27, 4]  [24, 7]  [18, 13] 
 [26, 6]  [18, 14]  [30, 3]  [29, 1]  [27, 5]  [17, 15]  [19, 13]  [24, 8]  [23, 9]  [21, 11]  [28, 4]  [25, 7]  [20, 12]  [22, 10]  [16, 2] 
 [18, 15]  [28, 1]  [25, 8]  [21, 12]  [30, 2]  [24, 9]  [23, 10]  [29, 5]  [20, 13]  [27, 6]  [26, 7]  [17, 3]  [19, 14]  [16, 4]  [22, 11] 
 [29, 8]  [30, 7]  [20, 15]  [22, 13]  [21, 14]  [16, 6]  [27, 1]  [18, 4]  [17, 5]  [28, 2]  [19, 3]  [24, 11]  [25, 10]  [26, 9]  [23, 12] 
 [16, 9]  [21, 4]  [19, 6]  [23, 14]  [24, 13]  [29, 3]  [25, 12]  [28, 11]  [18, 7]  [30, 10]  [20, 5]  [22, 15]  [26, 1]  [27, 2]  [17, 8] 
 [25, 1]  [24, 15]  [21, 5]  [19, 7]  [23, 4]  [30, 11]  [26, 2]  [16, 10]  [28, 14]  [22, 12]  [17, 9]  [29, 13]  [27, 3]  [18, 8]  [20, 6] 
 [30, 4]  [29, 14]  [27, 22]  [25, 2]  [11, 8]  [19, 18]  [28, 20]  [26, 3]  [10, 9]  [21, 17]  [24, 1]  [23, 16]  [13, 6]  [12, 7]  [15, 5] 
 [21, 6]  [13, 8]  [25, 3]  [11, 10]  [27, 9]  [17, 20]  [30, 5]  [24, 2]  [26, 19]  [23, 1]  [15, 16]  [12, 4]  [29, 18]  [28, 22]  [14, 7] 
 [24, 3]  [9, 7]  [20, 10]  [27, 18]  [25, 16]  [23, 2]  [13, 19]  [22, 1]  [11, 4]  [28, 5]  [21, 8]  [30, 6]  [15, 14]  [26, 17]  [29, 12] 
 [22, 2]  [25, 4]  [24, 16]  [28, 15]  [12, 6]  [29, 7]  [14, 10]  [13, 5]  [21, 1]  [26, 8]  [27, 19]  [11, 9]  [30, 20]  [23, 3]  [18, 17] 
 [17, 10]  [20, 1]  [15, 11]  [26, 4]  [28, 7]  [13, 12]  [29, 16]  [18, 9]  [22, 3]  [25, 19]  [23, 6]  [27, 14]  [21, 2]  [24, 5]  [30, 8] 
 [19, 1]  [23, 17]  [30, 9]  [25, 14]  [26, 10]  [16, 11]  [22, 6]  [28, 8]  [24, 12]  [20, 2]  [29, 4]  [18, 5]  [13, 7]  [27, 15]  [21, 3] 
 [27, 12]  [8, 5]  [19, 2]  [22, 21]  [20, 4]  [14, 3]  [24, 17]  [26, 11]  [30, 15]  [23, 13]  [18, 1]  [16, 7]  [29, 10]  [28, 6]  [25, 9] 
 [25, 5]  [22, 16]  [20, 3]  [19, 9]  [17, 1]  [21, 15]  [23, 7]  [30, 12]  [14, 8]  [27, 11]  [28, 10]  [29, 6]  [24, 4]  [18, 2]  [26, 13] 
 [8, 4]  [18, 3]  [26, 14]  [30, 13]  [27, 25]  [7, 6]  [21, 9]  [24, 20]  [16, 1]  [28, 12]  [19, 22]  [15, 17]  [23, 5]  [29, 11]  [10, 2] 
 [23, 21]  [15, 1]  [25, 11]  [18, 6]  [28, 13]  [19, 5]  [30, 14]  [22, 4]  [29, 9]  [16, 3]  [17, 2]  [24, 10]  [26, 12]  [20, 8]  [27, 7] 
 [24, 6]  [26, 25]  [21, 7]  [29, 20]  [18, 10]  [30, 16]  [15, 2]  [13, 3]  [22, 5]  [14, 1]  [23, 11]  [27, 8]  [28, 9]  [19, 4]  [17, 12] 
 [22, 7]  [17, 4]  [15, 6]  [16, 5]  [19, 11]  [13, 1]  [12, 3]  [14, 2]  [26, 24]  [29, 25]  [30, 18]  [28, 21]  [10, 8]  [27, 23]  [20, 9] 
 [15, 9]  [29, 23]  [13, 2]  [14, 4]  [20, 7]  [22, 8]  [11, 5]  [30, 25]  [10, 3]  [24, 19]  [27, 21]  [26, 18]  [17, 6]  [12, 1]  [28, 16] 
 [13, 4]  [14, 9]  [23, 18]  [15, 3]  [6, 16]  [17, 7]  [25, 26]  [24, 21]  [12, 2]  [30, 27]  [28, 29]  [11, 1]  [22, 20]  [10, 5]  [19, 8] 
 [29, 17]  [11, 7]  [26, 16]  [24, 22]  [8, 3]  [9, 2]  [28, 18]  [23, 19]  [14, 6]  [15, 4]  [10, 1]  [12, 5]  [30, 21]  [25, 20]  [27, 13] 
 [14, 5]  [30, 22]  [11, 3]  [8, 2]  [9, 1]  [27, 24]  [10, 6]  [20, 17]  [29, 15]  [28, 23]  [19, 16]  [25, 13]  [18, 12]  [7, 4]  [26, 21] 
 [23, 20]  [28, 19]  [24, 14]  [11, 6]  [30, 17]  [26, 15]  [7, 2]  [4, 5]  [21, 13]  [16, 12]  [25, 18]  [27, 10]  [8, 1]  [29, 22]  [9, 3] 
 [7, 1]  [27, 26]  [9, 5]  [10, 4]  [15, 12]  [28, 25]  [20, 21]  [22, 14]  [24, 18]  [29, 19]  [17, 13]  [30, 23]  [6, 3]  [16, 8]  [11, 2] 
 [9, 4]  [29, 21]  [28, 17]  [26, 30]  [16, 13]  [19, 10]  [23, 22]  [24, 25]  [27, 20]  [18, 11]  [7, 3]  [15, 8]  [5, 2]  [14, 12]  [6, 1] 
 [6, 2]  [13, 9]  [12, 8]  [19, 21]  [29, 28]  [4, 3]  [17, 24]  [27, 16]  [5, 1]  [30, 26]  [20, 14]  [22, 18]  [10, 11]  [23, 25]  [15, 7] 
 [24, 28]  [16, 14]  [18, 21]  [3, 2]  [22, 25]  [7, 5]  [8, 10]  [11, 12]  [23, 29]  [15, 13]  [4, 1]  [9, 6]  [26, 20]  [27, 17]  [30, 19] 
 [22, 17]  [12, 11]  [29, 24]  [6, 5]  [21, 19]  [20, 27]  [3, 1]  [26, 23]  [9, 8]  [10, 7]  [25, 15]  [4, 2]  [14, 13]  [30, 28]  [18, 16] 
 [15, 10]  [28, 27]  [14, 16]  [7, 8]  [24, 23]  [26, 22]  [21, 18]  [2, 1]  [6, 4]  [25, 17]  [11, 13]  [19, 20]  [29, 30]  [5, 3]  [12, 9] 
 [12, 13]  [19, 17]  [27, 28]  [20, 18]  [9, 10]  [11, 14]  [29, 26]  [3, 4]  [25, 22]  [1, 2]  [30, 24]  [23, 15]  [21, 16]  [8, 7]  [5, 6] 
 [30, 29]  [2, 5]  [25, 23]  [9, 11]  [1, 3]  [15, 18]  [16, 17]  [6, 7]  [10, 13]  [4, 8]  [12, 14]  [24, 27]  [22, 19]  [21, 20]  [26, 28] 
 [18, 20]  [25, 24]  [19, 15]  [17, 16]  [6, 11]  [10, 12]  [13, 14]  [8, 9]  [27, 30]  [3, 5]  [28, 26]  [21, 29]  [1, 4]  [22, 23]  [2, 7] 
 [22, 26]  [21, 23]  [4, 7]  [1, 5]  [8, 12]  [28, 24]  [2, 3]  [25, 30]  [11, 16]  [20, 19]  [29, 27]  [17, 18]  [6, 9]  [14, 15]  [13, 10] 
 [23, 24]  [9, 13]  [3, 11]  [7, 10]  [21, 22]  [2, 4]  [19, 25]  [12, 15]  [5, 8]  [17, 26]  [16, 20]  [1, 6]  [27, 29]  [28, 30]  [14, 18] 
 [4, 10]  [6, 12]  [5, 9]  [20, 23]  [13, 16]  [26, 27]  [1, 7]  [14, 17]  [25, 28]  [22, 30]  [15, 21]  [3, 8]  [2, 11]  [18, 19]  [24, 29] 
 [1, 8]  [20, 22]  [25, 27]  [3, 21]  [14, 19]  [7, 13]  [4, 6]  [16, 18]  [26, 29]  [11, 15]  [12, 17]  [24, 30]  [5, 10]  [2, 9]  [23, 28] 
 [3, 6]  [17, 29]  [19, 28]  [22, 24]  [18, 25]  [1, 9]  [23, 26]  [21, 27]  [2, 10]  [5, 4]  [11, 30]  [13, 15]  [8, 14]  [7, 12]  [20, 16] 
 [21, 30]  [4, 11]  [14, 24]  [13, 26]  [5, 15]  [25, 29]  [9, 12]  [20, 28]  [17, 19]  [8, 16]  [18, 23]  [22, 27]  [3, 7]  [1, 10]  [2, 6] 
 [24, 26]  [5, 7]  [12, 18]  [1, 11]  [8, 6]  [2, 15]  [13, 17]  [19, 30]  [3, 9]  [20, 29]  [22, 28]  [25, 21]  [23, 27]  [4, 16]  [10, 14] 
 [5, 22]  [18, 27]  [17, 23]  [4, 28]  [3, 13]  [10, 16]  [15, 19]  [2, 8]  [11, 25]  [6, 14]  [21, 24]  [7, 29]  [9, 26]  [20, 30]  [1, 12] 
 [10, 27]  [15, 25]  [1, 13]  [6, 8]  [7, 23]  [3, 30]  [16, 24]  [17, 22]  [21, 28]  [2, 12]  [5, 14]  [20, 26]  [11, 18]  [19, 29]  [4, 9] 
 [2, 13]  [16, 29]  [3, 10]  [15, 20]  [17, 28]  [6, 19]  [18, 22]  [1, 14]  [5, 27]  [21, 25]  [11, 26]  [4, 23]  [12, 24]  [7, 9]  [8, 30] 
 [11, 29]  [3, 12]  [8, 25]  [21, 26]  [1, 15]  [5, 20]  [2, 14]  [4, 13]  [7, 24]  [9, 28]  [18, 30]  [6, 10]  [16, 22]  [17, 27]  [19, 23] 
 [15, 28]  [9, 23]  [22, 29]  [3, 17]  [4, 25]  [18, 26]  [10, 21]  [6, 24]  [8, 20]  [5, 11]  [12, 19]  [2, 30]  [13, 27]  [1, 16]  [7, 14] 
 [20, 24]  [5, 13]  [14, 11]  [23, 30]  [3, 26]  [16, 21]  [6, 28]  [9, 18]  [10, 29]  [8, 22]  [2, 25]  [19, 27]  [7, 15]  [4, 12]  [1, 17] 
 [4, 21]  [8, 11]  [13, 28]  [19, 24]  [7, 20]  [12, 27]  [5, 26]  [15, 23]  [2, 16]  [3, 14]  [10, 22]  [17, 25]  [1, 18]  [6, 30]  [9, 29] 
 [1, 19]  [10, 30]  [9, 21]  [20, 25]  [8, 13]  [2, 23]  [3, 18]  [16, 26]  [12, 22]  [4, 17]  [14, 28]  [7, 11]  [6, 29]  [5, 24]  [15, 27] 
 [2, 17]  [12, 26]  [10, 24]  [7, 27]  [9, 30]  [3, 25]  [8, 29]  [14, 21]  [4, 19]  [1, 20]  [16, 23]  [6, 18]  [5, 28]  [15, 22]  [13, 11] 
 [10, 28]  [15, 24]  [2, 18]  [1, 21]  [5, 25]  [4, 20]  [9, 16]  [13, 22]  [6, 27]  [7, 30]  [12, 29]  [3, 23]  [8, 17]  [11, 19]  [14, 26] 
 [3, 16]  [14, 27]  [7, 17]  [5, 12]  [15, 26]  [1, 22]  [4, 30]  [11, 24]  [8, 21]  [6, 23]  [2, 19]  [10, 20]  [9, 25]  [13, 29]  [18, 28] 
 [8, 26]  [16, 28]  [6, 15]  [3, 22]  [14, 29]  [17, 21]  [1, 23]  [5, 30]  [7, 25]  [13, 24]  [4, 18]  [2, 27]  [11, 20]  [12, 10]  [9, 19] 
 [5, 19]  [13, 30]  [12, 28]  [8, 23]  [16, 27]  [7, 26]  [2, 20]  [10, 25]  [1, 24]  [18, 29]  [6, 21]  [11, 22]  [4, 14]  [9, 17]  [3, 15] 
 [9, 20]  [5, 29]  [16, 30]  [2, 28]  [13, 18]  [11, 27]  [10, 19]  [8, 15]  [4, 26]  [12, 21]  [3, 24]  [6, 17]  [7, 22]  [14, 23]  [1, 25] 
 [12, 25]  [11, 23]  [14, 20]  [10, 18]  [2, 21]  [3, 29]  [7, 28]  [6, 13]  [9, 27]  [15, 30]  [1, 26]  [8, 24]  [5, 17]  [16, 19]  [4, 22] 
 [2, 22]  [9, 14]  [1, 27]  [12, 16]  [10, 26]  [8, 18]  [4, 24]  [7, 21]  [15, 29]  [11, 28]  [17, 30]  [5, 23]  [3, 19]  [13, 25]  [6, 20] 
 [10, 17]  [7, 16]  [4, 29]  [14, 25]  [12, 30]  [6, 22]  [5, 18]  [1, 28]  [13, 23]  [19, 26]  [8, 27]  [9, 15]  [2, 24]  [3, 20]  [11, 21] 
 [1, 29]  [4, 15]  [7, 19]  [13, 21]  [6, 25]  [5, 16]  [3, 27]  [17, 11]  [18, 24]  [10, 23]  [9, 22]  [12, 20]  [14, 30]  [8, 28]  [2, 26] 
 [7, 18]  [1, 30]  [6, 26]  [9, 24]  [3, 28]  [12, 23]  [8, 19]  [4, 27]  [11, 17]  [2, 29]  [13, 20]  [14, 22]  [16, 25]  [5, 21]  [10, 15] 
------------------------------
