Totale travel distance: 99892
Games umpired door umpire1
	1,2	5,4	12,10	8,9	3,7	6,2	4,6	12,1	10,8	9,4	7,11	6,3	2,1	2,9	8,10	1,5	11,3	6,12	5,11	4,10	8,1	3,4	

Games umpired door umpire2
	5,3	7,2	11,8	6,1	10,9	3,12	8,2	11,5	1,4	2,10	9,6	9,12	4,5	3,1	7,4	11,2	10,6	5,9	3,8	1,7	12,9	2,6	

Games umpired door umpire3
	11,4	12,8	7,1	3,5	6,4	9,11	7,9	10,2	5,12	3,11	1,8	4,1	10,7	6,5	12,11	8,6	9,1	4,7	7,12	2,3	10,5	11,9	

Games umpired door umpire4
	7,10	11,6	9,2	4,12	5,1	4,8	10,3	6,7	2,11	1,12	12,4	11,10	3,9	7,8	5,2	12,3	8,4	1,11	6,10	9,5	2,4	12,7	

Games umpired door umpire5
	9,8	1,3	5,6	10,11	2,12	7,5	11,1	8,3	6,9	7,6	5,10	2,5	8,12	4,11	1,6	9,7	12,2	3,10	4,2	6,8	11,7	10,1	

Games umpired door umpire6
	12,6	9,10	4,3	2,7	8,11	1,10	12,5	4,9	7,3	5,8	3,2	8,7	6,11	10,12	9,3	10,4	5,7	2,8	1,9	11,12	3,6	8,5	

Solution Status from LocalSolver: Infeasible

Solution [travelDistance=99892, homeVisitViolations=0, consecutiveHomeVisitViolations=126, consecutiveTeamSeenViolations=100]
-1--2--3--4--5--6-
 [1, 2]  [5, 3]  [11, 4]  [7, 10]  [9, 8]  [12, 6] 
 [5, 4]  [7, 2]  [12, 8]  [11, 6]  [1, 3]  [9, 10] 
 [12, 10]  [11, 8]  [7, 1]  [9, 2]  [5, 6]  [4, 3] 
 [8, 9]  [6, 1]  [3, 5]  [4, 12]  [10, 11]  [2, 7] 
 [3, 7]  [10, 9]  [6, 4]  [5, 1]  [2, 12]  [8, 11] 
 [6, 2]  [3, 12]  [9, 11]  [4, 8]  [7, 5]  [1, 10] 
 [4, 6]  [8, 2]  [7, 9]  [10, 3]  [11, 1]  [12, 5] 
 [12, 1]  [11, 5]  [10, 2]  [6, 7]  [8, 3]  [4, 9] 
 [10, 8]  [1, 4]  [5, 12]  [2, 11]  [6, 9]  [7, 3] 
 [9, 4]  [2, 10]  [3, 11]  [1, 12]  [7, 6]  [5, 8] 
 [7, 11]  [9, 6]  [1, 8]  [12, 4]  [5, 10]  [3, 2] 
 [6, 3]  [9, 12]  [4, 1]  [11, 10]  [2, 5]  [8, 7] 
 [2, 1]  [4, 5]  [10, 7]  [3, 9]  [8, 12]  [6, 11] 
 [2, 9]  [3, 1]  [6, 5]  [7, 8]  [4, 11]  [10, 12] 
 [8, 10]  [7, 4]  [12, 11]  [5, 2]  [1, 6]  [9, 3] 
 [1, 5]  [11, 2]  [8, 6]  [12, 3]  [9, 7]  [10, 4] 
 [11, 3]  [10, 6]  [9, 1]  [8, 4]  [12, 2]  [5, 7] 
 [6, 12]  [5, 9]  [4, 7]  [1, 11]  [3, 10]  [2, 8] 
 [5, 11]  [3, 8]  [7, 12]  [6, 10]  [4, 2]  [1, 9] 
 [4, 10]  [1, 7]  [2, 3]  [9, 5]  [6, 8]  [11, 12] 
 [8, 1]  [12, 9]  [10, 5]  [2, 4]  [11, 7]  [3, 6] 
 [3, 4]  [2, 6]  [11, 9]  [12, 7]  [10, 1]  [8, 5] 
------------
