Totale travel distance: 98737
Games umpired door umpire1
	11,4	7,2	12,10	6,1	10,9	7,5	4,6	8,3	2,11	1,12	9,6	11,10	4,5	7,8	5,2	12,3	9,1	3,10	5,11	1,7	2,4	8,5	

Games umpired door umpire2
	12,6	9,10	5,6	2,7	8,11	3,12	11,1	4,9	1,4	7,6	3,2	9,12	10,7	6,5	12,11	8,6	11,3	5,9	1,9	4,10	3,6	12,7	

Games umpired door umpire3
	7,10	1,3	11,8	8,9	5,1	6,2	12,5	10,2	7,3	3,11	5,10	4,1	8,12	2,9	9,3	11,2	10,6	1,11	7,12	6,8	12,9	3,4	

Games umpired door umpire4
	9,8	11,6	4,3	3,5	2,12	1,10	7,9	6,7	10,8	5,8	12,4	6,3	2,1	3,1	8,10	9,7	8,4	6,12	4,2	2,3	10,5	11,9	

Games umpired door umpire5
	5,3	12,8	7,1	4,12	6,4	9,11	10,3	11,5	5,12	2,10	1,8	8,7	3,9	4,11	7,4	1,5	12,2	2,8	6,10	9,5	11,7	10,1	

Games umpired door umpire6
	1,2	5,4	9,2	10,11	3,7	4,8	8,2	12,1	6,9	9,4	7,11	2,5	6,11	10,12	1,6	10,4	5,7	4,7	3,8	11,12	8,1	2,6	

Solution Status from LocalSolver: Infeasible

Solution [travelDistance=98737, homeVisitViolations=0, consecutiveHomeVisitViolations=80, consecutiveTeamSeenViolations=251]
-1--2--3--4--5--6-
 [11, 4]  [12, 6]  [7, 10]  [9, 8]  [5, 3]  [1, 2] 
 [7, 2]  [9, 10]  [1, 3]  [11, 6]  [12, 8]  [5, 4] 
 [12, 10]  [5, 6]  [11, 8]  [4, 3]  [7, 1]  [9, 2] 
 [6, 1]  [2, 7]  [8, 9]  [3, 5]  [4, 12]  [10, 11] 
 [10, 9]  [8, 11]  [5, 1]  [2, 12]  [6, 4]  [3, 7] 
 [7, 5]  [3, 12]  [6, 2]  [1, 10]  [9, 11]  [4, 8] 
 [4, 6]  [11, 1]  [12, 5]  [7, 9]  [10, 3]  [8, 2] 
 [8, 3]  [4, 9]  [10, 2]  [6, 7]  [11, 5]  [12, 1] 
 [2, 11]  [1, 4]  [7, 3]  [10, 8]  [5, 12]  [6, 9] 
 [1, 12]  [7, 6]  [3, 11]  [5, 8]  [2, 10]  [9, 4] 
 [9, 6]  [3, 2]  [5, 10]  [12, 4]  [1, 8]  [7, 11] 
 [11, 10]  [9, 12]  [4, 1]  [6, 3]  [8, 7]  [2, 5] 
 [4, 5]  [10, 7]  [8, 12]  [2, 1]  [3, 9]  [6, 11] 
 [7, 8]  [6, 5]  [2, 9]  [3, 1]  [4, 11]  [10, 12] 
 [5, 2]  [12, 11]  [9, 3]  [8, 10]  [7, 4]  [1, 6] 
 [12, 3]  [8, 6]  [11, 2]  [9, 7]  [1, 5]  [10, 4] 
 [9, 1]  [11, 3]  [10, 6]  [8, 4]  [12, 2]  [5, 7] 
 [3, 10]  [5, 9]  [1, 11]  [6, 12]  [2, 8]  [4, 7] 
 [5, 11]  [1, 9]  [7, 12]  [4, 2]  [6, 10]  [3, 8] 
 [1, 7]  [4, 10]  [6, 8]  [2, 3]  [9, 5]  [11, 12] 
 [2, 4]  [3, 6]  [12, 9]  [10, 5]  [11, 7]  [8, 1] 
 [8, 5]  [12, 7]  [3, 4]  [11, 9]  [10, 1]  [2, 6] 
------------
