Totale travel distance: 234231
Games umpired door umpire1
	11,6	10,8	15,5	12,4	9,6	8,3	13,8	16,5	7,2	6,3	10,4	5,1	12,9	8,6	14,11	9,10	16,13	2,7	1,5	5,8	6,12	7,13	4,16	9,14	12,15	2,11	1,13	3,16	5,7	8,10	

Games umpired door umpire2
	9,8	15,1	12,7	14,2	10,5	11,1	16,4	14,6	9,3	15,10	16,11	13,7	8,5	4,2	5,3	14,15	1,3	10,12	3,9	2,4	8,14	6,10	5,12	7,16	1,11	10,13	3,12	2,8	4,6	9,11	

Games umpired door umpire3
	10,7	14,4	16,2	15,8	12,1	6,5	11,2	13,3	15,4	7,1	14,8	16,9	3,2	12,10	6,4	13,11	8,9	15,13	2,16	7,10	5,9	1,8	3,13	2,15	4,13	6,8	5,14	9,15	11,14	1,16	

Games umpired door umpire4
	15,2	11,7	10,3	13,1	16,8	7,4	12,3	9,1	14,10	11,13	15,12	4,3	16,14	11,9	13,12	3,4	2,5	14,16	10,14	1,6	4,11	9,16	8,15	3,6	7,14	1,12	4,8	5,11	2,13	6,15	

Games umpired door umpire5
	16,1	13,5	11,8	10,6	15,3	14,13	9,7	12,11	16,6	8,2	13,9	11,10	4,1	7,5	15,16	1,2	10,11	6,9	8,12	3,15	13,16	4,14	7,11	1,10	2,9	5,16	11,15	6,13	3,10	4,12	

Games umpired door umpire6
	12,5	9,2	13,6	11,3	14,7	16,10	15,6	10,2	12,13	4,5	7,3	6,2	13,10	16,15	8,7	5,6	14,12	1,4	4,7	9,13	10,15	3,11	6,14	8,13	5,10	7,15	2,6	1,14	9,12	3,7	

Games umpired door umpire7
	14,3	12,6	9,4	16,7	13,2	15,9	10,1	8,4	11,5	14,9	6,1	12,8	15,11	13,14	2,1	7,8	4,15	3,5	6,11	12,14	1,7	5,15	2,10	11,12	3,8	4,9	10,16	7,12	1,15	5,13	

Games umpired door umpire8
	13,4	16,3	14,1	9,5	11,4	12,2	14,5	15,7	8,1	16,12	5,2	15,14	7,6	3,1	10,9	12,16	6,7	8,11	13,15	11,16	2,3	2,12	1,9	5,4	6,16	3,14	7,9	4,10	8,16	2,14	

Solution Status from LocalSolver: Infeasible

Solution [travelDistance=234231, homeVisitViolations=0, consecutiveHomeVisitViolations=41, consecutiveTeamSeenViolations=35]
-1--2--3--4--5--6--7--8-
 [11, 6]  [9, 8]  [10, 7]  [15, 2]  [16, 1]  [12, 5]  [14, 3]  [13, 4] 
 [10, 8]  [15, 1]  [14, 4]  [11, 7]  [13, 5]  [9, 2]  [12, 6]  [16, 3] 
 [15, 5]  [12, 7]  [16, 2]  [10, 3]  [11, 8]  [13, 6]  [9, 4]  [14, 1] 
 [12, 4]  [14, 2]  [15, 8]  [13, 1]  [10, 6]  [11, 3]  [16, 7]  [9, 5] 
 [9, 6]  [10, 5]  [12, 1]  [16, 8]  [15, 3]  [14, 7]  [13, 2]  [11, 4] 
 [8, 3]  [11, 1]  [6, 5]  [7, 4]  [14, 13]  [16, 10]  [15, 9]  [12, 2] 
 [13, 8]  [16, 4]  [11, 2]  [12, 3]  [9, 7]  [15, 6]  [10, 1]  [14, 5] 
 [16, 5]  [14, 6]  [13, 3]  [9, 1]  [12, 11]  [10, 2]  [8, 4]  [15, 7] 
 [7, 2]  [9, 3]  [15, 4]  [14, 10]  [16, 6]  [12, 13]  [11, 5]  [8, 1] 
 [6, 3]  [15, 10]  [7, 1]  [11, 13]  [8, 2]  [4, 5]  [14, 9]  [16, 12] 
 [10, 4]  [16, 11]  [14, 8]  [15, 12]  [13, 9]  [7, 3]  [6, 1]  [5, 2] 
 [5, 1]  [13, 7]  [16, 9]  [4, 3]  [11, 10]  [6, 2]  [12, 8]  [15, 14] 
 [12, 9]  [8, 5]  [3, 2]  [16, 14]  [4, 1]  [13, 10]  [15, 11]  [7, 6] 
 [8, 6]  [4, 2]  [12, 10]  [11, 9]  [7, 5]  [16, 15]  [13, 14]  [3, 1] 
 [14, 11]  [5, 3]  [6, 4]  [13, 12]  [15, 16]  [8, 7]  [2, 1]  [10, 9] 
 [9, 10]  [14, 15]  [13, 11]  [3, 4]  [1, 2]  [5, 6]  [7, 8]  [12, 16] 
 [16, 13]  [1, 3]  [8, 9]  [2, 5]  [10, 11]  [14, 12]  [4, 15]  [6, 7] 
 [2, 7]  [10, 12]  [15, 13]  [14, 16]  [6, 9]  [1, 4]  [3, 5]  [8, 11] 
 [1, 5]  [3, 9]  [2, 16]  [10, 14]  [8, 12]  [4, 7]  [6, 11]  [13, 15] 
 [5, 8]  [2, 4]  [7, 10]  [1, 6]  [3, 15]  [9, 13]  [12, 14]  [11, 16] 
 [6, 12]  [8, 14]  [5, 9]  [4, 11]  [13, 16]  [10, 15]  [1, 7]  [2, 3] 
 [7, 13]  [6, 10]  [1, 8]  [9, 16]  [4, 14]  [3, 11]  [5, 15]  [2, 12] 
 [4, 16]  [5, 12]  [3, 13]  [8, 15]  [7, 11]  [6, 14]  [2, 10]  [1, 9] 
 [9, 14]  [7, 16]  [2, 15]  [3, 6]  [1, 10]  [8, 13]  [11, 12]  [5, 4] 
 [12, 15]  [1, 11]  [4, 13]  [7, 14]  [2, 9]  [5, 10]  [3, 8]  [6, 16] 
 [2, 11]  [10, 13]  [6, 8]  [1, 12]  [5, 16]  [7, 15]  [4, 9]  [3, 14] 
 [1, 13]  [3, 12]  [5, 14]  [4, 8]  [11, 15]  [2, 6]  [10, 16]  [7, 9] 
 [3, 16]  [2, 8]  [9, 15]  [5, 11]  [6, 13]  [1, 14]  [7, 12]  [4, 10] 
 [5, 7]  [4, 6]  [11, 14]  [2, 13]  [3, 10]  [9, 12]  [1, 15]  [8, 16] 
 [8, 10]  [9, 11]  [1, 16]  [6, 15]  [4, 12]  [3, 7]  [5, 13]  [2, 14] 
----------------
