Totale travel distance: 203058
Games umpired door umpire1
	12,6	9,1	5,11	3,7	1,14	8,6	13,10	4,11	14,5	10,13	9,4	12,2	7,3	5,6	11,14	2,10	3,5	13,11	6,8	14,4	7,1	11,10	12,8	1,4	13,9	6,12	

Games umpired door umpire2
	13,14	5,2	12,9	10,4	2,3	9,13	11,5	14,10	7,8	4,1	3,6	8,11	13,2	10,9	5,8	12,1	4,10	6,5	1,12	9,7	11,6	8,5	3,9	2,6	5,1	14,13	

Games umpired door umpire3
	4,8	14,3	10,1	12,13	7,11	5,14	1,3	8,2	13,12	3,11	2,1	7,13	6,9	14,2	1,13	4,3	12,11	9,2	7,5	8,3	2,14	1,6	10,5	14,7	11,4	3,2	

Games umpired door umpire4
	11,3	7,4	14,6	2,5	9,12	1,7	6,4	13,5	10,3	6,7	12,5	3,1	8,14	4,7	9,6	11,8	13,1	10,7	14,11	2,13	5,10	12,7	4,2	13,8	6,3	1,10	

Games umpired door umpire5
	1,2	13,6	8,4	14,9	6,13	11,2	9,8	12,3	2,11	5,9	8,13	4,14	10,11	1,8	7,12	9,14	6,2	3,8	13,4	11,1	8,12	4,13	1,11	10,12	14,8	5,4	

Games umpired door umpire6
	5,7	8,10	13,3	6,11	10,8	3,4	12,14	7,9	4,6	14,12	11,7	6,10	1,5	3,12	2,4	5,13	7,14	12,4	9,3	10,6	3,13	2,9	6,14	5,3	7,10	11,9	

Games umpired door umpire7
	9,10	11,12	2,7	8,1	4,5	12,10	7,2	6,1	1,9	2,8	10,14	9,5	4,12	11,13	3,10	7,6	8,9	14,1	10,2	5,12	4,9	3,14	13,7	9,11	2,12	8,7	

Solution Status from LocalSolver: Infeasible

Solution [travelDistance=203058, homeVisitViolations=0, consecutiveHomeVisitViolations=4, consecutiveTeamSeenViolations=3]
-1--2--3--4--5--6--7-
 [12, 6]  [13, 14]  [4, 8]  [11, 3]  [1, 2]  [5, 7]  [9, 10] 
 [9, 1]  [5, 2]  [14, 3]  [7, 4]  [13, 6]  [8, 10]  [11, 12] 
 [5, 11]  [12, 9]  [10, 1]  [14, 6]  [8, 4]  [13, 3]  [2, 7] 
 [3, 7]  [10, 4]  [12, 13]  [2, 5]  [14, 9]  [6, 11]  [8, 1] 
 [1, 14]  [2, 3]  [7, 11]  [9, 12]  [6, 13]  [10, 8]  [4, 5] 
 [8, 6]  [9, 13]  [5, 14]  [1, 7]  [11, 2]  [3, 4]  [12, 10] 
 [13, 10]  [11, 5]  [1, 3]  [6, 4]  [9, 8]  [12, 14]  [7, 2] 
 [4, 11]  [14, 10]  [8, 2]  [13, 5]  [12, 3]  [7, 9]  [6, 1] 
 [14, 5]  [7, 8]  [13, 12]  [10, 3]  [2, 11]  [4, 6]  [1, 9] 
 [10, 13]  [4, 1]  [3, 11]  [6, 7]  [5, 9]  [14, 12]  [2, 8] 
 [9, 4]  [3, 6]  [2, 1]  [12, 5]  [8, 13]  [11, 7]  [10, 14] 
 [12, 2]  [8, 11]  [7, 13]  [3, 1]  [4, 14]  [6, 10]  [9, 5] 
 [7, 3]  [13, 2]  [6, 9]  [8, 14]  [10, 11]  [1, 5]  [4, 12] 
 [5, 6]  [10, 9]  [14, 2]  [4, 7]  [1, 8]  [3, 12]  [11, 13] 
 [11, 14]  [5, 8]  [1, 13]  [9, 6]  [7, 12]  [2, 4]  [3, 10] 
 [2, 10]  [12, 1]  [4, 3]  [11, 8]  [9, 14]  [5, 13]  [7, 6] 
 [3, 5]  [4, 10]  [12, 11]  [13, 1]  [6, 2]  [7, 14]  [8, 9] 
 [13, 11]  [6, 5]  [9, 2]  [10, 7]  [3, 8]  [12, 4]  [14, 1] 
 [6, 8]  [1, 12]  [7, 5]  [14, 11]  [13, 4]  [9, 3]  [10, 2] 
 [14, 4]  [9, 7]  [8, 3]  [2, 13]  [11, 1]  [10, 6]  [5, 12] 
 [7, 1]  [11, 6]  [2, 14]  [5, 10]  [8, 12]  [3, 13]  [4, 9] 
 [11, 10]  [8, 5]  [1, 6]  [12, 7]  [4, 13]  [2, 9]  [3, 14] 
 [12, 8]  [3, 9]  [10, 5]  [4, 2]  [1, 11]  [6, 14]  [13, 7] 
 [1, 4]  [2, 6]  [14, 7]  [13, 8]  [10, 12]  [5, 3]  [9, 11] 
 [13, 9]  [5, 1]  [11, 4]  [6, 3]  [14, 8]  [7, 10]  [2, 12] 
 [6, 12]  [14, 13]  [3, 2]  [1, 10]  [5, 4]  [11, 9]  [8, 7] 
--------------
