Totale travel distance: 97784
Games umpired door umpire1
	11,4	1,3	5,6	2,7	10,9	4,8	8,2	12,1	7,3	9,4	9,6	2,5	6,11	3,1	12,11	10,4	5,7	4,7	1,9	11,12	3,6	8,5	

Games umpired door umpire2
	9,8	11,6	4,3	10,11	2,12	7,5	7,9	8,3	1,4	3,11	5,10	6,3	8,12	4,11	9,3	1,5	10,6	2,8	7,12	2,3	12,9	10,1	

Games umpired door umpire3
	12,6	7,2	12,10	8,9	5,1	3,12	4,6	11,5	10,8	7,6	3,2	9,12	2,1	7,8	8,10	9,7	11,3	6,12	4,2	1,7	10,5	11,9	

Games umpired door umpire4
	7,10	12,8	9,2	3,5	6,4	1,10	11,1	6,7	2,11	5,8	12,4	4,1	10,7	2,9	5,2	12,3	8,4	1,11	6,10	9,5	11,7	3,4	

Games umpired door umpire5
	5,3	9,10	7,1	4,12	8,11	6,2	10,3	4,9	5,12	1,12	1,8	11,10	3,9	6,5	7,4	8,6	12,2	3,10	5,11	4,10	8,1	2,6	

Games umpired door umpire6
	1,2	5,4	11,8	6,1	3,7	9,11	12,5	10,2	6,9	2,10	7,11	8,7	4,5	10,12	1,6	11,2	9,1	5,9	3,8	6,8	2,4	12,7	

Solution Status from LocalSolver: Infeasible

Solution [travelDistance=97784, homeVisitViolations=0, consecutiveHomeVisitViolations=148, consecutiveTeamSeenViolations=127]
-1--2--3--4--5--6-
 [11, 4]  [9, 8]  [12, 6]  [7, 10]  [5, 3]  [1, 2] 
 [1, 3]  [11, 6]  [7, 2]  [12, 8]  [9, 10]  [5, 4] 
 [5, 6]  [4, 3]  [12, 10]  [9, 2]  [7, 1]  [11, 8] 
 [2, 7]  [10, 11]  [8, 9]  [3, 5]  [4, 12]  [6, 1] 
 [10, 9]  [2, 12]  [5, 1]  [6, 4]  [8, 11]  [3, 7] 
 [4, 8]  [7, 5]  [3, 12]  [1, 10]  [6, 2]  [9, 11] 
 [8, 2]  [7, 9]  [4, 6]  [11, 1]  [10, 3]  [12, 5] 
 [12, 1]  [8, 3]  [11, 5]  [6, 7]  [4, 9]  [10, 2] 
 [7, 3]  [1, 4]  [10, 8]  [2, 11]  [5, 12]  [6, 9] 
 [9, 4]  [3, 11]  [7, 6]  [5, 8]  [1, 12]  [2, 10] 
 [9, 6]  [5, 10]  [3, 2]  [12, 4]  [1, 8]  [7, 11] 
 [2, 5]  [6, 3]  [9, 12]  [4, 1]  [11, 10]  [8, 7] 
 [6, 11]  [8, 12]  [2, 1]  [10, 7]  [3, 9]  [4, 5] 
 [3, 1]  [4, 11]  [7, 8]  [2, 9]  [6, 5]  [10, 12] 
 [12, 11]  [9, 3]  [8, 10]  [5, 2]  [7, 4]  [1, 6] 
 [10, 4]  [1, 5]  [9, 7]  [12, 3]  [8, 6]  [11, 2] 
 [5, 7]  [10, 6]  [11, 3]  [8, 4]  [12, 2]  [9, 1] 
 [4, 7]  [2, 8]  [6, 12]  [1, 11]  [3, 10]  [5, 9] 
 [1, 9]  [7, 12]  [4, 2]  [6, 10]  [5, 11]  [3, 8] 
 [11, 12]  [2, 3]  [1, 7]  [9, 5]  [4, 10]  [6, 8] 
 [3, 6]  [12, 9]  [10, 5]  [11, 7]  [8, 1]  [2, 4] 
 [8, 5]  [10, 1]  [11, 9]  [3, 4]  [2, 6]  [12, 7] 
------------
