Totale travel distance: 95001
Games umpired door umpire1
	7,10	12,8	4,3	3,5	10,9	1,10	8,2	6,7	5,12	9,4	5,10	6,3	2,1	7,8	12,11	9,7	10,6	3,10	4,2	11,12	8,1	8,5	

Games umpired door umpire2
	12,6	9,10	11,8	4,12	5,1	7,5	4,6	10,2	2,11	1,12	7,11	8,7	3,9	6,5	9,3	11,2	8,4	4,7	5,11	2,3	12,9	10,1	

Games umpired door umpire3
	5,3	7,2	9,2	6,1	8,11	3,12	12,5	4,9	6,9	3,11	1,8	2,5	10,7	10,12	7,4	8,6	12,2	5,9	1,9	4,10	11,7	2,6	

Games umpired door umpire4
	1,2	5,4	12,10	8,9	3,7	6,2	11,1	11,5	10,8	7,6	3,2	4,1	4,5	2,9	8,10	12,3	5,7	1,11	6,10	9,5	3,6	12,7	

Games umpired door umpire5
	11,4	1,3	5,6	2,7	6,4	9,11	10,3	12,1	7,3	5,8	9,6	11,10	8,12	4,11	1,6	1,5	11,3	2,8	7,12	6,8	10,5	3,4	

Games umpired door umpire6
	9,8	11,6	7,1	10,11	2,12	4,8	7,9	8,3	1,4	2,10	12,4	9,12	6,11	3,1	5,2	10,4	9,1	6,12	3,8	1,7	2,4	11,9	

Solution Status from LocalSolver: Infeasible

Solution [travelDistance=95001, homeVisitViolations=0, consecutiveHomeVisitViolations=148, consecutiveTeamSeenViolations=138]
-1--2--3--4--5--6-
 [7, 10]  [12, 6]  [5, 3]  [1, 2]  [11, 4]  [9, 8] 
 [12, 8]  [9, 10]  [7, 2]  [5, 4]  [1, 3]  [11, 6] 
 [4, 3]  [11, 8]  [9, 2]  [12, 10]  [5, 6]  [7, 1] 
 [3, 5]  [4, 12]  [6, 1]  [8, 9]  [2, 7]  [10, 11] 
 [10, 9]  [5, 1]  [8, 11]  [3, 7]  [6, 4]  [2, 12] 
 [1, 10]  [7, 5]  [3, 12]  [6, 2]  [9, 11]  [4, 8] 
 [8, 2]  [4, 6]  [12, 5]  [11, 1]  [10, 3]  [7, 9] 
 [6, 7]  [10, 2]  [4, 9]  [11, 5]  [12, 1]  [8, 3] 
 [5, 12]  [2, 11]  [6, 9]  [10, 8]  [7, 3]  [1, 4] 
 [9, 4]  [1, 12]  [3, 11]  [7, 6]  [5, 8]  [2, 10] 
 [5, 10]  [7, 11]  [1, 8]  [3, 2]  [9, 6]  [12, 4] 
 [6, 3]  [8, 7]  [2, 5]  [4, 1]  [11, 10]  [9, 12] 
 [2, 1]  [3, 9]  [10, 7]  [4, 5]  [8, 12]  [6, 11] 
 [7, 8]  [6, 5]  [10, 12]  [2, 9]  [4, 11]  [3, 1] 
 [12, 11]  [9, 3]  [7, 4]  [8, 10]  [1, 6]  [5, 2] 
 [9, 7]  [11, 2]  [8, 6]  [12, 3]  [1, 5]  [10, 4] 
 [10, 6]  [8, 4]  [12, 2]  [5, 7]  [11, 3]  [9, 1] 
 [3, 10]  [4, 7]  [5, 9]  [1, 11]  [2, 8]  [6, 12] 
 [4, 2]  [5, 11]  [1, 9]  [6, 10]  [7, 12]  [3, 8] 
 [11, 12]  [2, 3]  [4, 10]  [9, 5]  [6, 8]  [1, 7] 
 [8, 1]  [12, 9]  [11, 7]  [3, 6]  [10, 5]  [2, 4] 
 [8, 5]  [10, 1]  [2, 6]  [12, 7]  [3, 4]  [11, 9] 
------------
