Totale travel distance: 201584
Games umpired door umpire1
	1,2	11,12	13,3	10,4	7,11	9,13	12,14	6,1	14,5	2,8	11,7	3,1	8,14	10,9	1,13	7,6	4,10	9,2	14,11	8,3	5,10	2,9	13,7	10,12	11,4	3,2	

Games umpired door umpire2
	12,6	14,3	5,11	8,1	6,13	11,2	9,8	12,3	4,6	5,9	10,14	8,11	6,9	3,12	2,4	11,8	3,5	14,1	13,4	5,12	7,1	8,5	4,2	1,4	14,8	6,12	

Games umpired door umpire3
	13,14	7,4	10,1	14,9	2,3	12,10	11,5	8,2	1,9	10,13	3,6	4,14	7,3	5,6	11,14	2,10	8,9	12,4	10,2	9,7	3,13	11,10	6,14	5,3	13,9	8,7	

Games umpired door umpire4
	5,7	8,10	14,6	2,5	9,12	1,7	6,4	13,5	10,3	14,12	2,1	7,13	4,12	1,8	3,10	9,14	12,11	10,7	6,8	11,1	4,9	3,14	1,11	2,6	7,10	14,13	

Games umpired door umpire5
	9,10	5,2	8,4	6,11	1,14	3,4	13,10	7,9	2,11	4,1	8,13	9,5	10,11	14,2	5,8	12,1	6,2	13,11	7,5	10,6	2,14	4,13	12,8	14,7	5,1	11,9	

Games umpired door umpire6
	4,8	9,1	2,7	12,13	10,8	5,14	7,2	4,11	13,12	6,7	9,4	12,2	1,5	11,13	7,12	4,3	13,1	6,5	9,3	14,4	8,12	1,6	3,9	13,8	2,12	5,4	

Games umpired door umpire7
	11,3	13,6	12,9	3,7	4,5	8,6	1,3	14,10	7,8	3,11	12,5	6,10	13,2	4,7	9,6	5,13	7,14	3,8	1,12	2,13	11,6	12,7	10,5	9,11	6,3	1,10	

Solution Status from LocalSolver: Infeasible

Solution [travelDistance=201584, homeVisitViolations=0, consecutiveHomeVisitViolations=5, consecutiveTeamSeenViolations=5]
-1--2--3--4--5--6--7-
 [1, 2]  [12, 6]  [13, 14]  [5, 7]  [9, 10]  [4, 8]  [11, 3] 
 [11, 12]  [14, 3]  [7, 4]  [8, 10]  [5, 2]  [9, 1]  [13, 6] 
 [13, 3]  [5, 11]  [10, 1]  [14, 6]  [8, 4]  [2, 7]  [12, 9] 
 [10, 4]  [8, 1]  [14, 9]  [2, 5]  [6, 11]  [12, 13]  [3, 7] 
 [7, 11]  [6, 13]  [2, 3]  [9, 12]  [1, 14]  [10, 8]  [4, 5] 
 [9, 13]  [11, 2]  [12, 10]  [1, 7]  [3, 4]  [5, 14]  [8, 6] 
 [12, 14]  [9, 8]  [11, 5]  [6, 4]  [13, 10]  [7, 2]  [1, 3] 
 [6, 1]  [12, 3]  [8, 2]  [13, 5]  [7, 9]  [4, 11]  [14, 10] 
 [14, 5]  [4, 6]  [1, 9]  [10, 3]  [2, 11]  [13, 12]  [7, 8] 
 [2, 8]  [5, 9]  [10, 13]  [14, 12]  [4, 1]  [6, 7]  [3, 11] 
 [11, 7]  [10, 14]  [3, 6]  [2, 1]  [8, 13]  [9, 4]  [12, 5] 
 [3, 1]  [8, 11]  [4, 14]  [7, 13]  [9, 5]  [12, 2]  [6, 10] 
 [8, 14]  [6, 9]  [7, 3]  [4, 12]  [10, 11]  [1, 5]  [13, 2] 
 [10, 9]  [3, 12]  [5, 6]  [1, 8]  [14, 2]  [11, 13]  [4, 7] 
 [1, 13]  [2, 4]  [11, 14]  [3, 10]  [5, 8]  [7, 12]  [9, 6] 
 [7, 6]  [11, 8]  [2, 10]  [9, 14]  [12, 1]  [4, 3]  [5, 13] 
 [4, 10]  [3, 5]  [8, 9]  [12, 11]  [6, 2]  [13, 1]  [7, 14] 
 [9, 2]  [14, 1]  [12, 4]  [10, 7]  [13, 11]  [6, 5]  [3, 8] 
 [14, 11]  [13, 4]  [10, 2]  [6, 8]  [7, 5]  [9, 3]  [1, 12] 
 [8, 3]  [5, 12]  [9, 7]  [11, 1]  [10, 6]  [14, 4]  [2, 13] 
 [5, 10]  [7, 1]  [3, 13]  [4, 9]  [2, 14]  [8, 12]  [11, 6] 
 [2, 9]  [8, 5]  [11, 10]  [3, 14]  [4, 13]  [1, 6]  [12, 7] 
 [13, 7]  [4, 2]  [6, 14]  [1, 11]  [12, 8]  [3, 9]  [10, 5] 
 [10, 12]  [1, 4]  [5, 3]  [2, 6]  [14, 7]  [13, 8]  [9, 11] 
 [11, 4]  [14, 8]  [13, 9]  [7, 10]  [5, 1]  [2, 12]  [6, 3] 
 [3, 2]  [6, 12]  [8, 7]  [14, 13]  [11, 9]  [5, 4]  [1, 10] 
--------------
