Totale travel distance: 201275
Games umpired door umpire1
	4,8	11,12	13,3	8,1	9,12	5,14	6,4	12,3	2,11	4,1	10,14	9,5	4,12	14,2	3,10	12,1	6,2	13,11	1,12	10,6	7,1	3,14	4,2	9,11	5,1	8,7	

Games umpired door umpire2
	12,6	9,1	2,7	10,4	1,14	8,6	11,5	14,10	13,12	3,11	2,1	7,13	6,9	1,8	11,14	5,13	8,9	12,4	14,11	2,13	4,9	11,10	6,14	1,4	7,10	3,2	

Games umpired door umpire3
	11,3	7,4	12,9	6,11	2,3	1,7	13,10	8,2	7,8	5,9	3,6	12,2	10,11	4,7	9,6	2,10	13,1	3,8	7,5	14,4	11,6	12,7	10,5	13,8	6,3	1,10	

Games umpired door umpire4
	1,2	14,3	8,4	12,13	7,11	3,4	9,8	13,5	10,3	6,7	8,13	4,14	7,3	5,6	1,13	11,8	3,5	14,1	10,2	9,7	8,12	1,6	13,7	5,3	2,12	14,13	

Games umpired door umpire5
	5,7	8,10	14,6	2,5	10,8	9,13	12,14	4,11	1,9	14,12	11,7	3,1	13,2	10,9	5,8	4,3	7,14	6,5	9,3	11,1	2,14	8,5	1,11	10,12	13,9	5,4	

Games umpired door umpire6
	13,14	5,2	10,1	3,7	4,5	12,10	7,2	6,1	14,5	10,13	9,4	8,11	1,5	3,12	2,4	7,6	12,11	9,2	13,4	8,3	5,10	4,13	3,9	2,6	14,8	11,9	

Games umpired door umpire7
	9,10	13,6	5,11	14,9	6,13	11,2	1,3	7,9	4,6	2,8	12,5	6,10	8,14	11,13	7,12	9,14	4,10	10,7	6,8	5,12	3,13	2,9	12,8	14,7	11,4	6,12	

Solution Status from LocalSolver: Infeasible

Solution [travelDistance=201275, homeVisitViolations=0, consecutiveHomeVisitViolations=4, consecutiveTeamSeenViolations=5]
-1--2--3--4--5--6--7-
 [4, 8]  [12, 6]  [11, 3]  [1, 2]  [5, 7]  [13, 14]  [9, 10] 
 [11, 12]  [9, 1]  [7, 4]  [14, 3]  [8, 10]  [5, 2]  [13, 6] 
 [13, 3]  [2, 7]  [12, 9]  [8, 4]  [14, 6]  [10, 1]  [5, 11] 
 [8, 1]  [10, 4]  [6, 11]  [12, 13]  [2, 5]  [3, 7]  [14, 9] 
 [9, 12]  [1, 14]  [2, 3]  [7, 11]  [10, 8]  [4, 5]  [6, 13] 
 [5, 14]  [8, 6]  [1, 7]  [3, 4]  [9, 13]  [12, 10]  [11, 2] 
 [6, 4]  [11, 5]  [13, 10]  [9, 8]  [12, 14]  [7, 2]  [1, 3] 
 [12, 3]  [14, 10]  [8, 2]  [13, 5]  [4, 11]  [6, 1]  [7, 9] 
 [2, 11]  [13, 12]  [7, 8]  [10, 3]  [1, 9]  [14, 5]  [4, 6] 
 [4, 1]  [3, 11]  [5, 9]  [6, 7]  [14, 12]  [10, 13]  [2, 8] 
 [10, 14]  [2, 1]  [3, 6]  [8, 13]  [11, 7]  [9, 4]  [12, 5] 
 [9, 5]  [7, 13]  [12, 2]  [4, 14]  [3, 1]  [8, 11]  [6, 10] 
 [4, 12]  [6, 9]  [10, 11]  [7, 3]  [13, 2]  [1, 5]  [8, 14] 
 [14, 2]  [1, 8]  [4, 7]  [5, 6]  [10, 9]  [3, 12]  [11, 13] 
 [3, 10]  [11, 14]  [9, 6]  [1, 13]  [5, 8]  [2, 4]  [7, 12] 
 [12, 1]  [5, 13]  [2, 10]  [11, 8]  [4, 3]  [7, 6]  [9, 14] 
 [6, 2]  [8, 9]  [13, 1]  [3, 5]  [7, 14]  [12, 11]  [4, 10] 
 [13, 11]  [12, 4]  [3, 8]  [14, 1]  [6, 5]  [9, 2]  [10, 7] 
 [1, 12]  [14, 11]  [7, 5]  [10, 2]  [9, 3]  [13, 4]  [6, 8] 
 [10, 6]  [2, 13]  [14, 4]  [9, 7]  [11, 1]  [8, 3]  [5, 12] 
 [7, 1]  [4, 9]  [11, 6]  [8, 12]  [2, 14]  [5, 10]  [3, 13] 
 [3, 14]  [11, 10]  [12, 7]  [1, 6]  [8, 5]  [4, 13]  [2, 9] 
 [4, 2]  [6, 14]  [10, 5]  [13, 7]  [1, 11]  [3, 9]  [12, 8] 
 [9, 11]  [1, 4]  [13, 8]  [5, 3]  [10, 12]  [2, 6]  [14, 7] 
 [5, 1]  [7, 10]  [6, 3]  [2, 12]  [13, 9]  [14, 8]  [11, 4] 
 [8, 7]  [3, 2]  [1, 10]  [14, 13]  [5, 4]  [11, 9]  [6, 12] 
--------------
