Totale travel distance: 226754
Games umpired door umpire1
	12,5	14,4	11,8	9,5	15,3	7,4	13,8	14,6	11,5	16,12	6,1	13,7	8,5	3,1	10,9	12,16	4,15	6,9	1,5	7,10	13,16	3,11	2,10	9,14	6,16	1,12	7,9	5,11	2,13	4,12	
Games umpired door umpire2
	10,7	16,3	13,6	15,8	12,1	6,5	9,7	10,2	8,1	4,5	15,12	16,9	3,2	13,14	8,7	5,6	14,12	15,13	4,7	11,16	8,14	7,13	5,12	2,15	3,8	4,9	10,16	1,14	9,12	8,10	
Games umpired door umpire3
	16,1	10,8	9,4	11,3	13,2	15,9	14,5	12,11	9,3	7,1	16,11	4,3	12,9	8,6	5,3	13,11	6,7	1,4	2,16	12,14	4,11	6,10	1,9	5,4	12,15	10,13	4,8	9,15	11,14	3,7	
Games umpired door umpire4
	11,6	9,2	10,3	12,4	14,7	16,10	15,6	8,4	7,2	11,13	10,4	12,8	15,11	4,2	13,12	7,8	2,5	14,16	3,9	1,6	10,15	2,12	4,16	8,13	1,11	7,15	2,6	3,16	5,7	6,15	
Games umpired door umpire5
	15,2	13,5	14,1	16,7	11,4	12,2	10,1	13,3	16,6	15,10	14,8	6,2	4,1	12,10	15,16	1,2	10,11	3,5	8,12	9,13	2,3	1,8	6,14	7,16	5,10	3,14	11,15	6,13	8,16	2,14	
Games umpired door umpire6
	13,4	15,1	12,7	14,2	10,5	11,1	16,4	15,7	12,13	14,9	7,3	5,1	13,10	16,15	14,11	9,10	1,3	8,11	13,15	2,4	6,12	5,15	7,11	3,6	4,13	2,11	5,14	7,12	3,10	1,16	
Games umpired door umpire7
	14,3	12,6	16,2	13,1	9,6	8,3	11,2	16,5	14,10	6,3	5,2	15,14	7,6	11,9	2,1	3,4	16,13	10,12	6,11	5,8	1,7	9,16	3,13	11,12	7,14	5,16	1,13	2,8	4,6	9,11	
Games umpired door umpire8
	9,8	11,7	15,5	10,6	16,8	14,13	12,3	9,1	15,4	8,2	13,9	11,10	16,14	7,5	6,4	14,15	8,9	2,7	10,14	3,15	5,9	4,14	8,15	1,10	2,9	6,8	3,12	4,10	1,15	5,13	
Solution [travelDistance=226754, homeVisitViolations=0, consecutiveHomeVisitViolations=0, consecutiveTeamSeenViolations=0]
-1--2--3--4--5--6--7--8-
 [12, 5]  [10, 7]  [16, 1]  [11, 6]  [15, 2]  [13, 4]  [14, 3]  [9, 8] 
 [14, 4]  [16, 3]  [10, 8]  [9, 2]  [13, 5]  [15, 1]  [12, 6]  [11, 7] 
 [11, 8]  [13, 6]  [9, 4]  [10, 3]  [14, 1]  [12, 7]  [16, 2]  [15, 5] 
 [9, 5]  [15, 8]  [11, 3]  [12, 4]  [16, 7]  [14, 2]  [13, 1]  [10, 6] 
 [15, 3]  [12, 1]  [13, 2]  [14, 7]  [11, 4]  [10, 5]  [9, 6]  [16, 8] 
 [7, 4]  [6, 5]  [15, 9]  [16, 10]  [12, 2]  [11, 1]  [8, 3]  [14, 13] 
 [13, 8]  [9, 7]  [14, 5]  [15, 6]  [10, 1]  [16, 4]  [11, 2]  [12, 3] 
 [14, 6]  [10, 2]  [12, 11]  [8, 4]  [13, 3]  [15, 7]  [16, 5]  [9, 1] 
 [11, 5]  [8, 1]  [9, 3]  [7, 2]  [16, 6]  [12, 13]  [14, 10]  [15, 4] 
 [16, 12]  [4, 5]  [7, 1]  [11, 13]  [15, 10]  [14, 9]  [6, 3]  [8, 2] 
 [6, 1]  [15, 12]  [16, 11]  [10, 4]  [14, 8]  [7, 3]  [5, 2]  [13, 9] 
 [13, 7]  [16, 9]  [4, 3]  [12, 8]  [6, 2]  [5, 1]  [15, 14]  [11, 10] 
 [8, 5]  [3, 2]  [12, 9]  [15, 11]  [4, 1]  [13, 10]  [7, 6]  [16, 14] 
 [3, 1]  [13, 14]  [8, 6]  [4, 2]  [12, 10]  [16, 15]  [11, 9]  [7, 5] 
 [10, 9]  [8, 7]  [5, 3]  [13, 12]  [15, 16]  [14, 11]  [2, 1]  [6, 4] 
 [12, 16]  [5, 6]  [13, 11]  [7, 8]  [1, 2]  [9, 10]  [3, 4]  [14, 15] 
 [4, 15]  [14, 12]  [6, 7]  [2, 5]  [10, 11]  [1, 3]  [16, 13]  [8, 9] 
 [6, 9]  [15, 13]  [1, 4]  [14, 16]  [3, 5]  [8, 11]  [10, 12]  [2, 7] 
 [1, 5]  [4, 7]  [2, 16]  [3, 9]  [8, 12]  [13, 15]  [6, 11]  [10, 14] 
 [7, 10]  [11, 16]  [12, 14]  [1, 6]  [9, 13]  [2, 4]  [5, 8]  [3, 15] 
 [13, 16]  [8, 14]  [4, 11]  [10, 15]  [2, 3]  [6, 12]  [1, 7]  [5, 9] 
 [3, 11]  [7, 13]  [6, 10]  [2, 12]  [1, 8]  [5, 15]  [9, 16]  [4, 14] 
 [2, 10]  [5, 12]  [1, 9]  [4, 16]  [6, 14]  [7, 11]  [3, 13]  [8, 15] 
 [9, 14]  [2, 15]  [5, 4]  [8, 13]  [7, 16]  [3, 6]  [11, 12]  [1, 10] 
 [6, 16]  [3, 8]  [12, 15]  [1, 11]  [5, 10]  [4, 13]  [7, 14]  [2, 9] 
 [1, 12]  [4, 9]  [10, 13]  [7, 15]  [3, 14]  [2, 11]  [5, 16]  [6, 8] 
 [7, 9]  [10, 16]  [4, 8]  [2, 6]  [11, 15]  [5, 14]  [1, 13]  [3, 12] 
 [5, 11]  [1, 14]  [9, 15]  [3, 16]  [6, 13]  [7, 12]  [2, 8]  [4, 10] 
 [2, 13]  [9, 12]  [11, 14]  [5, 7]  [8, 16]  [3, 10]  [4, 6]  [1, 15] 
 [4, 12]  [8, 10]  [3, 7]  [6, 15]  [2, 14]  [1, 16]  [9, 11]  [5, 13] 
----------------
