Totale travel distance: 204527
Games umpired door umpire1
	5,7	9,1	14,6	10,4	6,13	11,2	12,14	13,5	7,8	4,1	3,6	8,11	1,5	10,9	2,4	7,6	13,1	9,2	6,8	11,1	4,9	3,14	10,5	2,6	13,9	8,7	

Games umpired door umpire2
	12,6	7,4	13,3	2,5	10,8	1,7	11,5	8,2	4,6	3,11	2,1	7,13	10,11	14,2	9,6	11,8	3,5	12,4	14,11	2,13	8,12	1,6	4,2	9,11	5,1	6,12	

Games umpired door umpire3
	13,14	8,10	12,9	6,11	4,5	9,13	1,3	14,10	13,12	5,9	10,14	12,2	6,9	4,7	3,10	12,1	8,9	13,11	9,3	5,12	7,1	2,9	12,8	14,7	11,4	3,2	

Games umpired door umpire4
	11,3	5,2	10,1	14,9	7,11	3,4	9,8	6,1	2,11	10,13	12,5	4,14	8,14	3,12	7,12	9,14	6,2	10,7	1,12	14,4	11,6	12,7	3,9	13,8	7,10	5,4	

Games umpired door umpire5
	4,8	14,3	2,7	12,13	1,14	8,6	7,2	4,11	14,5	2,8	9,4	6,10	13,2	1,8	11,14	5,13	4,10	3,8	7,5	10,6	2,14	8,5	13,7	1,4	6,3	14,13	

Games umpired door umpire6
	9,10	13,6	5,11	8,1	2,3	12,10	6,4	7,9	10,3	14,12	11,7	3,1	4,12	5,6	1,13	2,10	7,14	6,5	13,4	8,3	5,10	4,13	1,11	10,12	14,8	11,9	

Games umpired door umpire7
	1,2	11,12	8,4	3,7	9,12	5,14	13,10	12,3	1,9	6,7	8,13	9,5	7,3	11,13	5,8	4,3	12,11	14,1	10,2	9,7	3,13	11,10	6,14	5,3	2,12	1,10	

Solution Status from LocalSolver: Infeasible

Solution [travelDistance=204527, homeVisitViolations=0, consecutiveHomeVisitViolations=5, consecutiveTeamSeenViolations=6]
-1--2--3--4--5--6--7-
 [5, 7]  [12, 6]  [13, 14]  [11, 3]  [4, 8]  [9, 10]  [1, 2] 
 [9, 1]  [7, 4]  [8, 10]  [5, 2]  [14, 3]  [13, 6]  [11, 12] 
 [14, 6]  [13, 3]  [12, 9]  [10, 1]  [2, 7]  [5, 11]  [8, 4] 
 [10, 4]  [2, 5]  [6, 11]  [14, 9]  [12, 13]  [8, 1]  [3, 7] 
 [6, 13]  [10, 8]  [4, 5]  [7, 11]  [1, 14]  [2, 3]  [9, 12] 
 [11, 2]  [1, 7]  [9, 13]  [3, 4]  [8, 6]  [12, 10]  [5, 14] 
 [12, 14]  [11, 5]  [1, 3]  [9, 8]  [7, 2]  [6, 4]  [13, 10] 
 [13, 5]  [8, 2]  [14, 10]  [6, 1]  [4, 11]  [7, 9]  [12, 3] 
 [7, 8]  [4, 6]  [13, 12]  [2, 11]  [14, 5]  [10, 3]  [1, 9] 
 [4, 1]  [3, 11]  [5, 9]  [10, 13]  [2, 8]  [14, 12]  [6, 7] 
 [3, 6]  [2, 1]  [10, 14]  [12, 5]  [9, 4]  [11, 7]  [8, 13] 
 [8, 11]  [7, 13]  [12, 2]  [4, 14]  [6, 10]  [3, 1]  [9, 5] 
 [1, 5]  [10, 11]  [6, 9]  [8, 14]  [13, 2]  [4, 12]  [7, 3] 
 [10, 9]  [14, 2]  [4, 7]  [3, 12]  [1, 8]  [5, 6]  [11, 13] 
 [2, 4]  [9, 6]  [3, 10]  [7, 12]  [11, 14]  [1, 13]  [5, 8] 
 [7, 6]  [11, 8]  [12, 1]  [9, 14]  [5, 13]  [2, 10]  [4, 3] 
 [13, 1]  [3, 5]  [8, 9]  [6, 2]  [4, 10]  [7, 14]  [12, 11] 
 [9, 2]  [12, 4]  [13, 11]  [10, 7]  [3, 8]  [6, 5]  [14, 1] 
 [6, 8]  [14, 11]  [9, 3]  [1, 12]  [7, 5]  [13, 4]  [10, 2] 
 [11, 1]  [2, 13]  [5, 12]  [14, 4]  [10, 6]  [8, 3]  [9, 7] 
 [4, 9]  [8, 12]  [7, 1]  [11, 6]  [2, 14]  [5, 10]  [3, 13] 
 [3, 14]  [1, 6]  [2, 9]  [12, 7]  [8, 5]  [4, 13]  [11, 10] 
 [10, 5]  [4, 2]  [12, 8]  [3, 9]  [13, 7]  [1, 11]  [6, 14] 
 [2, 6]  [9, 11]  [14, 7]  [13, 8]  [1, 4]  [10, 12]  [5, 3] 
 [13, 9]  [5, 1]  [11, 4]  [7, 10]  [6, 3]  [14, 8]  [2, 12] 
 [8, 7]  [6, 12]  [3, 2]  [5, 4]  [14, 13]  [11, 9]  [1, 10] 
--------------
