Solution [travelDistance=42175, homeVisitViolations=10, consecutiveHomeVisitViolations=66, consecutiveTeamSeenViolations=47]
-1--2--3--4--5-
 [9, 2]  [4, 3]  [6, 7]  [5, 10]  [1, 8] 
 [4, 9]  [1, 10]  [5, 8]  [6, 3]  [7, 2] 
 [3, 9]  [6, 8]  [1, 5]  [7, 10]  [4, 2] 
 [3, 4]  [2, 9]  [10, 6]  [8, 1]  [7, 5] 
 [3, 7]  [2, 4]  [8, 6]  [9, 5]  [10, 1] 
 [5, 3]  [6, 4]  [9, 1]  [10, 8]  [2, 7] 
 [1, 3]  [8, 9]  [5, 2]  [6, 10]  [4, 7] 
 [1, 2]  [7, 3]  [10, 9]  [8, 4]  [5, 6] 
 [1, 6]  [10, 4]  [8, 5]  [3, 2]  [7, 9] 
 [2, 1]  [7, 4]  [10, 5]  [9, 6] 
 [9, 7]  [6, 5]  [2, 8]  [4, 1] 
 [2, 10]  [6, 1]  [4, 8]  [9, 3] 
 [1, 7]  [6, 2]  [8, 3]  [5, 9] 
 [10, 3]  [7, 6]  [5, 4]  [8, 2] 
 [6, 9]  [7, 8]  [10, 2]  [1, 4] 
 [3, 6]  [9, 4]  [2, 5]  [8, 10] 
 [3, 1]  [9, 10]  [2, 6]  [8, 7] 
 [9, 8]  [5, 1]  [10, 7]  [4, 6] 
----------
