Solution [travelDistance=42415, homeVisitViolations=10, consecutiveHomeVisitViolations=54, consecutiveTeamSeenViolations=44]
-1--2--3--4--5-
 [4, 3]  [5, 10]  [6, 7]  [1, 8]  [9, 2] 
 [6, 3]  [7, 2]  [4, 9]  [5, 8] 
 [3, 9]  [1, 5]  [7, 10]  [4, 2] 
 [10, 6]  [3, 4]  [2, 9]  [8, 1] 
 [9, 5]  [10, 1]  [3, 7]  [8, 6] 
 [2, 7]  [5, 3]  [6, 4]  [10, 8] 
 [1, 3]  [4, 7]  [5, 2]  [8, 9] 
 [10, 9]  [5, 6]  [1, 2] 
 [7, 9]  [10, 4]  [3, 2] 
 [9, 6]  [2, 1]  [10, 5]  [7, 4] 
 [4, 1]  [9, 7]  [6, 5]  [2, 8]  [3, 10] 
 [9, 3]  [5, 7]  [6, 1]  [2, 10] 
 [6, 2]  [5, 9]  [4, 10]  [8, 3] 
 [5, 4]  [8, 2]  [7, 6]  [1, 9] 
 [10, 2]  [3, 5]  [1, 4]  [7, 8] 
 [2, 5]  [3, 6]  [8, 10]  [9, 4] 
 [4, 5]  [3, 1]  [2, 6]  [8, 7] 
 [5, 1]  [9, 8]  [10, 7]  [4, 6]  [2, 3] 
----------
