Totale travel distance: 586367
Games umpired door umpire1
	18,9	21,7	15,3	25,8	16,7	17,9	23,13	22,18	19,2	14,10	24,8	12,7	26,20	24,10	11,5	18,7	25,14	20,17	8,1	6,3	5,2	23,15	17,14	7,5	12,11	26,23	10,6	9,13	16,26	4,7	20,25	1,8	2,6	5,12	18,21	19,26	17,24	3,13	11,22	7,24	9,23	6,21	15,24	8,17	1,21	2,16	4,19	10,11	5,18	13,19	

Games umpired door umpire2
	14,13	19,9	26,2	16,4	20,13	24,19	15,16	9,4	21,17	23,11	22,20	8,4	25,9	14,3	18,4	12,2	13,5	26,22	24,21	19,11	4,8	20,16	25,21	23,22	6,9	16,20	21,23	15,17	3,6	5,9	2,8	14,25	17,23	4,26	13,16	10,18	12,23	1,14	16,24	6,8	15,26	3,16	11,23	9,19	7,13	5,24	8,21	4,16	2,22	12,25	

Games umpired door umpire3
	17,10	20,8	18,11	21,10	19,4	26,11	24,12	23,17	16,8	25,12	13,10	22,23	14,1	15,2	10,3	17,4	18,8	12,5	26,17	24,18	23,20	5,1	8,11	19,16	25,26	9,10	1,3	20,22	15,19	13,11	22,24	21,26	12,19	2,9	3,10	4,20	11,19	7,18	9,20	1,16	6,22	5,19	7,25	18,22	8,19	10,23	2,17	12,20	4,14	15,18	

Games umpired door umpire4
	16,11	18,10	20,9	17,3	23,2	7,6	26,4	24,14	22,15	19,3	25,6	26,9	22,17	21,11	12,1	10,5	17,7	6,11	23,16	15,14	18,12	4,3	24,23	13,6	2,1	19,15	8,16	5,6	22,25	21,18	11,15	6,12	10,13	16,18	14,22	1,12	9,25	2,24	1,15	3,23	7,11	2,25	3,18	4,15	5,26	13,25	10,16	6,23	8,20	9,21	

Games umpired door umpire5
	15,12	14,2	25,5	18,13	21,12	20,15	22,3	8,7	11,10	24,13	19,5	16,2	13,18	26,12	23,7	25,20	26,16	21,14	20,12	17,16	22,13	18,19	4,1	14,8	5,3	1,2	9,12	23,24	7,14	3,8	6,10	19,24	16,14	8,23	20,26	11,16	10,14	5,21	2,26	4,17	14,24	1,18	12,8	3,26	9,16	6,19	7,15	13,26	11,17	8,22	

Games umpired door umpire6
	25,2	24,4	23,6	20,11	15,8	12,14	17,5	21,3	18,1	22,4	26,15	19,21	16,3	25,7	24,9	23,8	11,4	13,7	9,3	20,10	14,11	21,13	22,16	3,1	8,10	17,13	25,22	18,26	1,5	16,17	23,26	7,9	20,21	15,11	2,12	5,23	3,21	19,20	8,25	5,15	4,21	17,26	1,19	10,24	6,20	7,26	9,22	2,21	13,23	3,20	

Games umpired door umpire7
	22,5	26,3	24,1	19,12	17,6	18,16	21,2	13,15	25,4	20,6	23,14	11,3	12,4	22,8	25,15	26,19	24,20	15,4	6,5	8,2	21,19	10,7	13,12	17,15	7,4	12,6	20,18	16,19	2,4	23,25	19,18	4,13	15,25	14,21	5,17	3,9	1,13	6,15	12,18	9,26	13,20	7,23	10,26	2,13	4,23	8,14	11,25	5,22	3,15	1,26	

Games umpired door umpire8
	24,3	25,1	14,4	26,7	22,1	8,5	19,6	12,10	13,9	21,5	17,2	15,1	23,10	20,4	16,6	24,15	10,1	25,19	18,15	22,12	7,3	26,25	9,5	11,12	19,13	14,18	4,5	21,25	17,20	12,15	1,7	20,23	18,24	3,19	6,4	7,8	2,18	11,26	19,23	13,21	8,18	4,12	5,14	1,20	10,25	9,15	12,26	3,25	7,19	6,14	

Games umpired door umpire9
	23,4	22,6	16,13	24,2	18,5	21,1	10,8	20,2	26,6	15,7	12,9	25,10	11,2	23,9	22,19	13,3	9,2	24,16	19,14	21,9	16,10	14,12	26,18	4,2	20,14	5,7	17,19	11,14	18,23	1,6	12,13	3,11	22,26	13,24	15,23	2,14	7,22	9,8	6,17	10,19	16,25	11,24	4,22	5,25	14,17	12,21	3,24	8,15	1,25	2,23	

Games umpired door umpire10
	20,7	17,11	21,8	22,9	26,10	23,3	25,18	19,1	14,5	16,9	11,7	13,17	24,5	18,6	17,8	21,16	15,6	9,1	22,10	26,13	25,17	6,2	20,19	10,9	23,21	24,25	11,13	8,12	21,24	2,10	3,5	16,22	4,11	1,10	9,7	17,25	4,6	10,22	7,21	14,20	5,10	15,22	2,20	6,16	3,22	11,20	1,23	9,18	12,16	4,24	

Games umpired door umpire11
	19,8	16,12	22,7	15,5	24,11	25,13	14,7	11,6	23,12	26,8	18,3	20,5	21,15	19,17	13,2	9,6	22,21	8,3	7,2	25,23	6,1	24,17	3,2	26,21	16,15	11,8	2,7	1,4	10,12	14,26	4,9	17,18	5,8	7,20	19,25	13,22	8,26	16,23	3,14	2,11	1,17	9,14	6,13	11,21	12,24	4,18	5,20	14,19	10,21	7,16	

Games umpired door umpire12
	21,6	23,5	17,12	14,6	25,3	10,4	11,9	26,5	20,3	18,2	16,1	24,6	19,7	13,1	21,20	22,14	12,3	23,18	25,11	5,4	26,24	8,9	15,10	18,20	24,22	3,4	14,15	7,10	13,8	19,22	17,21	2,5	1,9	6,25	8,24	15,21	5,16	12,17	4,10	18,25	3,12	10,20	16,21	14,23	2,15	1,22	6,18	7,17	9,24	5,11	

Games umpired door umpire13
	26,1	15,13	19,10	23,1	14,9	22,2	20,1	25,16	24,7	17,1	21,4	18,14	8,6	16,5	26,14	11,1	23,19	10,2	13,4	7,1	15,9	22,11	6,7	25,24	18,17	21,22	24,26	2,3	9,11	20,24	14,16	10,15	3,7	17,22	1,11	6,24	15,20	4,25	5,13	12,22	2,19	8,13	9,17	7,12	11,18	3,17	13,14	1,24	6,26	10,17	

Solution Status from LocalSolver: Infeasible

Solution [travelDistance=586367, homeVisitViolations=0, consecutiveHomeVisitViolations=100, consecutiveTeamSeenViolations=0]
-1--2--3--4--5--6--7--8--9--10--11--12--13-
 [18, 9]  [14, 13]  [17, 10]  [16, 11]  [15, 12]  [25, 2]  [22, 5]  [24, 3]  [23, 4]  [20, 7]  [19, 8]  [21, 6]  [26, 1] 
 [21, 7]  [19, 9]  [20, 8]  [18, 10]  [14, 2]  [24, 4]  [26, 3]  [25, 1]  [22, 6]  [17, 11]  [16, 12]  [23, 5]  [15, 13] 
 [15, 3]  [26, 2]  [18, 11]  [20, 9]  [25, 5]  [23, 6]  [24, 1]  [14, 4]  [16, 13]  [21, 8]  [22, 7]  [17, 12]  [19, 10] 
 [25, 8]  [16, 4]  [21, 10]  [17, 3]  [18, 13]  [20, 11]  [19, 12]  [26, 7]  [24, 2]  [22, 9]  [15, 5]  [14, 6]  [23, 1] 
 [16, 7]  [20, 13]  [19, 4]  [23, 2]  [21, 12]  [15, 8]  [17, 6]  [22, 1]  [18, 5]  [26, 10]  [24, 11]  [25, 3]  [14, 9] 
 [17, 9]  [24, 19]  [26, 11]  [7, 6]  [20, 15]  [12, 14]  [18, 16]  [8, 5]  [21, 1]  [23, 3]  [25, 13]  [10, 4]  [22, 2] 
 [23, 13]  [15, 16]  [24, 12]  [26, 4]  [22, 3]  [17, 5]  [21, 2]  [19, 6]  [10, 8]  [25, 18]  [14, 7]  [11, 9]  [20, 1] 
 [22, 18]  [9, 4]  [23, 17]  [24, 14]  [8, 7]  [21, 3]  [13, 15]  [12, 10]  [20, 2]  [19, 1]  [11, 6]  [26, 5]  [25, 16] 
 [19, 2]  [21, 17]  [16, 8]  [22, 15]  [11, 10]  [18, 1]  [25, 4]  [13, 9]  [26, 6]  [14, 5]  [23, 12]  [20, 3]  [24, 7] 
 [14, 10]  [23, 11]  [25, 12]  [19, 3]  [24, 13]  [22, 4]  [20, 6]  [21, 5]  [15, 7]  [16, 9]  [26, 8]  [18, 2]  [17, 1] 
 [24, 8]  [22, 20]  [13, 10]  [25, 6]  [19, 5]  [26, 15]  [23, 14]  [17, 2]  [12, 9]  [11, 7]  [18, 3]  [16, 1]  [21, 4] 
 [12, 7]  [8, 4]  [22, 23]  [26, 9]  [16, 2]  [19, 21]  [11, 3]  [15, 1]  [25, 10]  [13, 17]  [20, 5]  [24, 6]  [18, 14] 
 [26, 20]  [25, 9]  [14, 1]  [22, 17]  [13, 18]  [16, 3]  [12, 4]  [23, 10]  [11, 2]  [24, 5]  [21, 15]  [19, 7]  [8, 6] 
 [24, 10]  [14, 3]  [15, 2]  [21, 11]  [26, 12]  [25, 7]  [22, 8]  [20, 4]  [23, 9]  [18, 6]  [19, 17]  [13, 1]  [16, 5] 
 [11, 5]  [18, 4]  [10, 3]  [12, 1]  [23, 7]  [24, 9]  [25, 15]  [16, 6]  [22, 19]  [17, 8]  [13, 2]  [21, 20]  [26, 14] 
 [18, 7]  [12, 2]  [17, 4]  [10, 5]  [25, 20]  [23, 8]  [26, 19]  [24, 15]  [13, 3]  [21, 16]  [9, 6]  [22, 14]  [11, 1] 
 [25, 14]  [13, 5]  [18, 8]  [17, 7]  [26, 16]  [11, 4]  [24, 20]  [10, 1]  [9, 2]  [15, 6]  [22, 21]  [12, 3]  [23, 19] 
 [20, 17]  [26, 22]  [12, 5]  [6, 11]  [21, 14]  [13, 7]  [15, 4]  [25, 19]  [24, 16]  [9, 1]  [8, 3]  [23, 18]  [10, 2] 
 [8, 1]  [24, 21]  [26, 17]  [23, 16]  [20, 12]  [9, 3]  [6, 5]  [18, 15]  [19, 14]  [22, 10]  [7, 2]  [25, 11]  [13, 4] 
 [6, 3]  [19, 11]  [24, 18]  [15, 14]  [17, 16]  [20, 10]  [8, 2]  [22, 12]  [21, 9]  [26, 13]  [25, 23]  [5, 4]  [7, 1] 
 [5, 2]  [4, 8]  [23, 20]  [18, 12]  [22, 13]  [14, 11]  [21, 19]  [7, 3]  [16, 10]  [25, 17]  [6, 1]  [26, 24]  [15, 9] 
 [23, 15]  [20, 16]  [5, 1]  [4, 3]  [18, 19]  [21, 13]  [10, 7]  [26, 25]  [14, 12]  [6, 2]  [24, 17]  [8, 9]  [22, 11] 
 [17, 14]  [25, 21]  [8, 11]  [24, 23]  [4, 1]  [22, 16]  [13, 12]  [9, 5]  [26, 18]  [20, 19]  [3, 2]  [15, 10]  [6, 7] 
 [7, 5]  [23, 22]  [19, 16]  [13, 6]  [14, 8]  [3, 1]  [17, 15]  [11, 12]  [4, 2]  [10, 9]  [26, 21]  [18, 20]  [25, 24] 
 [12, 11]  [6, 9]  [25, 26]  [2, 1]  [5, 3]  [8, 10]  [7, 4]  [19, 13]  [20, 14]  [23, 21]  [16, 15]  [24, 22]  [18, 17] 
 [26, 23]  [16, 20]  [9, 10]  [19, 15]  [1, 2]  [17, 13]  [12, 6]  [14, 18]  [5, 7]  [24, 25]  [11, 8]  [3, 4]  [21, 22] 
 [10, 6]  [21, 23]  [1, 3]  [8, 16]  [9, 12]  [25, 22]  [20, 18]  [4, 5]  [17, 19]  [11, 13]  [2, 7]  [14, 15]  [24, 26] 
 [9, 13]  [15, 17]  [20, 22]  [5, 6]  [23, 24]  [18, 26]  [16, 19]  [21, 25]  [11, 14]  [8, 12]  [1, 4]  [7, 10]  [2, 3] 
 [16, 26]  [3, 6]  [15, 19]  [22, 25]  [7, 14]  [1, 5]  [2, 4]  [17, 20]  [18, 23]  [21, 24]  [10, 12]  [13, 8]  [9, 11] 
 [4, 7]  [5, 9]  [13, 11]  [21, 18]  [3, 8]  [16, 17]  [23, 25]  [12, 15]  [1, 6]  [2, 10]  [14, 26]  [19, 22]  [20, 24] 
 [20, 25]  [2, 8]  [22, 24]  [11, 15]  [6, 10]  [23, 26]  [19, 18]  [1, 7]  [12, 13]  [3, 5]  [4, 9]  [17, 21]  [14, 16] 
 [1, 8]  [14, 25]  [21, 26]  [6, 12]  [19, 24]  [7, 9]  [4, 13]  [20, 23]  [3, 11]  [16, 22]  [17, 18]  [2, 5]  [10, 15] 
 [2, 6]  [17, 23]  [12, 19]  [10, 13]  [16, 14]  [20, 21]  [15, 25]  [18, 24]  [22, 26]  [4, 11]  [5, 8]  [1, 9]  [3, 7] 
 [5, 12]  [4, 26]  [2, 9]  [16, 18]  [8, 23]  [15, 11]  [14, 21]  [3, 19]  [13, 24]  [1, 10]  [7, 20]  [6, 25]  [17, 22] 
 [18, 21]  [13, 16]  [3, 10]  [14, 22]  [20, 26]  [2, 12]  [5, 17]  [6, 4]  [15, 23]  [9, 7]  [19, 25]  [8, 24]  [1, 11] 
 [19, 26]  [10, 18]  [4, 20]  [1, 12]  [11, 16]  [5, 23]  [3, 9]  [7, 8]  [2, 14]  [17, 25]  [13, 22]  [15, 21]  [6, 24] 
 [17, 24]  [12, 23]  [11, 19]  [9, 25]  [10, 14]  [3, 21]  [1, 13]  [2, 18]  [7, 22]  [4, 6]  [8, 26]  [5, 16]  [15, 20] 
 [3, 13]  [1, 14]  [7, 18]  [2, 24]  [5, 21]  [19, 20]  [6, 15]  [11, 26]  [9, 8]  [10, 22]  [16, 23]  [12, 17]  [4, 25] 
 [11, 22]  [16, 24]  [9, 20]  [1, 15]  [2, 26]  [8, 25]  [12, 18]  [19, 23]  [6, 17]  [7, 21]  [3, 14]  [4, 10]  [5, 13] 
 [7, 24]  [6, 8]  [1, 16]  [3, 23]  [4, 17]  [5, 15]  [9, 26]  [13, 21]  [10, 19]  [14, 20]  [2, 11]  [18, 25]  [12, 22] 
 [9, 23]  [15, 26]  [6, 22]  [7, 11]  [14, 24]  [4, 21]  [13, 20]  [8, 18]  [16, 25]  [5, 10]  [1, 17]  [3, 12]  [2, 19] 
 [6, 21]  [3, 16]  [5, 19]  [2, 25]  [1, 18]  [17, 26]  [7, 23]  [4, 12]  [11, 24]  [15, 22]  [9, 14]  [10, 20]  [8, 13] 
 [15, 24]  [11, 23]  [7, 25]  [3, 18]  [12, 8]  [1, 19]  [10, 26]  [5, 14]  [4, 22]  [2, 20]  [6, 13]  [16, 21]  [9, 17] 
 [8, 17]  [9, 19]  [18, 22]  [4, 15]  [3, 26]  [10, 24]  [2, 13]  [1, 20]  [5, 25]  [6, 16]  [11, 21]  [14, 23]  [7, 12] 
 [1, 21]  [7, 13]  [8, 19]  [5, 26]  [9, 16]  [6, 20]  [4, 23]  [10, 25]  [14, 17]  [3, 22]  [12, 24]  [2, 15]  [11, 18] 
 [2, 16]  [5, 24]  [10, 23]  [13, 25]  [6, 19]  [7, 26]  [8, 14]  [9, 15]  [12, 21]  [11, 20]  [4, 18]  [1, 22]  [3, 17] 
 [4, 19]  [8, 21]  [2, 17]  [10, 16]  [7, 15]  [9, 22]  [11, 25]  [12, 26]  [3, 24]  [1, 23]  [5, 20]  [6, 18]  [13, 14] 
 [10, 11]  [4, 16]  [12, 20]  [6, 23]  [13, 26]  [2, 21]  [5, 22]  [3, 25]  [8, 15]  [9, 18]  [14, 19]  [7, 17]  [1, 24] 
 [5, 18]  [2, 22]  [4, 14]  [8, 20]  [11, 17]  [13, 23]  [3, 15]  [7, 19]  [1, 25]  [12, 16]  [10, 21]  [9, 24]  [6, 26] 
 [13, 19]  [12, 25]  [15, 18]  [9, 21]  [8, 22]  [3, 20]  [1, 26]  [6, 14]  [2, 23]  [4, 24]  [7, 16]  [5, 11]  [10, 17] 
--------------------------
